initial domain size: 60
59 19
58 142
57 88
56 192
55 255
54 71
53 95
52 221
51 130
50 9
49 0
48 35
47 35
46 5
45 123
44 75
43 255
SOLUTION 12 1792 570 198 
SOLUTION 12 1792 570 371 
SOLUTION 12 1792 1435 198 
SOLUTION 12 1792 1435 371 
SOLUTION 12 2043 570 198 
SOLUTION 12 2043 570 371 
SOLUTION 12 2043 1435 198 
SOLUTION 12 2043 1435 371 
SOLUTION 104 1792 570 198 
SOLUTION 104 1792 570 371 
SOLUTION 104 1792 1435 198 
SOLUTION 104 1792 1435 371 
SOLUTION 104 2043 570 198 
SOLUTION 104 2043 570 371 
SOLUTION 104 2043 1435 198 
SOLUTION 104 2043 1435 371 
SOLUTION 8 710 690 562 
SOLUTION 8 710 690 656 
SOLUTION 8 710 690 890 
SOLUTION 8 710 690 1093 
SOLUTION 8 710 1510 562 
SOLUTION 8 710 1510 656 
SOLUTION 8 710 1510 890 
SOLUTION 8 710 1510 1093 
SOLUTION 8 1070 690 562 
SOLUTION 8 1070 690 656 
SOLUTION 8 1070 690 890 
SOLUTION 8 1070 690 1093 
SOLUTION 8 1070 1510 562 
SOLUTION 8 1070 1510 656 
SOLUTION 8 1070 1510 890 
SOLUTION 8 1070 1510 1093 
SOLUTION 134 710 690 562 
SOLUTION 134 710 690 656 
SOLUTION 134 710 690 890 
SOLUTION 134 710 690 1093 
SOLUTION 134 710 1510 562 
SOLUTION 134 710 1510 656 
SOLUTION 134 710 1510 890 
SOLUTION 134 710 1510 1093 
SOLUTION 134 1070 690 562 
SOLUTION 134 1070 690 656 
SOLUTION 134 1070 690 890 
SOLUTION 134 1070 690 1093 
SOLUTION 134 1070 1510 562 
SOLUTION 134 1070 1510 656 
SOLUTION 134 1070 1510 890 
SOLUTION 134 1070 1510 1093 
SOLUTION 12 1978 876 103 
SOLUTION 12 1978 876 264 
SOLUTION 12 1978 1818 103 
SOLUTION 12 1978 1818 264 
SOLUTION 12 2060 876 103 
SOLUTION 12 2060 876 264 
SOLUTION 12 2060 1818 103 
SOLUTION 12 2060 1818 264 
SOLUTION 104 1978 876 103 
SOLUTION 104 1978 876 264 
SOLUTION 104 1978 1818 103 
SOLUTION 104 1978 1818 264 
SOLUTION 104 2060 876 103 
SOLUTION 104 2060 876 264 
SOLUTION 104 2060 1818 103 
SOLUTION 104 2060 1818 264 
SOLUTION 2 312 607 606 
SOLUTION 2 312 607 813 
SOLUTION 2 312 1820 606 
SOLUTION 2 312 1820 813 
SOLUTION 2 352 607 606 
SOLUTION 2 352 607 813 
SOLUTION 2 352 1820 606 
SOLUTION 2 352 1820 813 
SOLUTION 131 312 607 606 
SOLUTION 131 312 607 813 
SOLUTION 131 312 1820 606 
SOLUTION 131 312 1820 813 
SOLUTION 131 352 607 606 
SOLUTION 131 352 607 813 
SOLUTION 131 352 1820 606 
SOLUTION 131 352 1820 813 
SOLUTION 8 571 690 910 
SOLUTION 8 571 690 1115 
SOLUTION 8 571 1510 910 
SOLUTION 8 571 1510 1115 
SOLUTION 8 881 690 910 
SOLUTION 8 881 690 1115 
SOLUTION 8 881 1510 910 
SOLUTION 8 881 1510 1115 
SOLUTION 134 571 690 910 
SOLUTION 134 571 690 1115 
SOLUTION 134 571 1510 910 
SOLUTION 134 571 1510 1115 
SOLUTION 134 881 690 910 
SOLUTION 134 881 690 1115 
SOLUTION 134 881 1510 910 
SOLUTION 134 881 1510 1115 
42 336
SOLUTION 167 255 296 719 
SOLUTION 167 255 296 797 
SOLUTION 167 255 1532 719 
SOLUTION 167 255 1532 797 
SOLUTION 167 1175 296 719 
SOLUTION 167 1175 296 797 
SOLUTION 167 1175 1532 719 
SOLUTION 167 1175 1532 797 
SOLUTION 181 503 760 978 
SOLUTION 181 503 760 1013 
SOLUTION 181 503 2008 978 
SOLUTION 181 503 2008 1013 
SOLUTION 181 1144 760 978 
SOLUTION 181 1144 760 1013 
SOLUTION 181 1144 2008 978 
SOLUTION 181 1144 2008 1013 
SOLUTION 159 17 942 545 
SOLUTION 159 17 942 859 
SOLUTION 159 17 1506 545 
SOLUTION 159 17 1506 859 
SOLUTION 159 499 942 545 
SOLUTION 159 499 942 859 
SOLUTION 159 499 1506 545 
SOLUTION 159 499 1506 859 
SOLUTION 88 122 428 507 
SOLUTION 88 122 428 524 
SOLUTION 88 122 428 1144 
SOLUTION 88 122 428 1194 
SOLUTION 88 122 1545 507 
SOLUTION 88 122 1545 524 
SOLUTION 88 122 1545 1144 
SOLUTION 88 122 1545 1194 
SOLUTION 88 795 428 507 
SOLUTION 88 795 428 524 
SOLUTION 88 795 428 1144 
SOLUTION 88 795 428 1194 
SOLUTION 88 795 1545 507 
SOLUTION 88 795 1545 524 
SOLUTION 88 795 1545 1144 
SOLUTION 88 795 1545 1194 
SOLUTION 137 1966 394 42 
SOLUTION 137 1966 394 397 
SOLUTION 137 1966 1449 42 
SOLUTION 137 1966 1449 397 
SOLUTION 137 2065 394 42 
SOLUTION 137 2065 394 397 
SOLUTION 137 2065 1449 42 
SOLUTION 137 2065 1449 397 
SOLUTION 205 1966 394 42 
SOLUTION 205 1966 394 397 
SOLUTION 205 1966 1449 42 
SOLUTION 205 1966 1449 397 
SOLUTION 205 2065 394 42 
SOLUTION 205 2065 394 397 
SOLUTION 205 2065 1449 42 
SOLUTION 205 2065 1449 397 
SOLUTION 46 253 647 1003 
SOLUTION 46 253 647 1015 
SOLUTION 46 253 1647 1003 
SOLUTION 46 253 1647 1015 
SOLUTION 46 357 647 1003 
SOLUTION 46 357 647 1015 
SOLUTION 46 357 1647 1003 
SOLUTION 46 357 1647 1015 
SOLUTION 68 253 647 1003 
SOLUTION 68 253 647 1015 
SOLUTION 68 253 1647 1003 
SOLUTION 68 253 1647 1015 
SOLUTION 68 357 647 1003 
SOLUTION 68 357 647 1015 
SOLUTION 68 357 1647 1003 
SOLUTION 68 357 1647 1015 
SOLUTION 10 1647 944 207 
SOLUTION 10 1647 944 369 
SOLUTION 10 1647 1394 207 
SOLUTION 10 1647 1394 369 
SOLUTION 10 1973 944 207 
SOLUTION 10 1973 944 369 
SOLUTION 10 1973 1394 207 
SOLUTION 10 1973 1394 369 
SOLUTION 17 1647 838 179 
SOLUTION 17 1647 838 441 
SOLUTION 17 1647 1475 179 
SOLUTION 17 1647 1475 441 
SOLUTION 17 1973 838 179 
SOLUTION 17 1973 838 441 
SOLUTION 17 1973 1475 179 
SOLUTION 17 1973 1475 441 
SOLUTION 257 1647 838 179 
SOLUTION 257 1647 838 441 
SOLUTION 257 1647 1475 179 
SOLUTION 257 1647 1475 441 
SOLUTION 257 1973 838 179 
SOLUTION 257 1973 838 441 
SOLUTION 257 1973 1475 179 
SOLUTION 257 1973 1475 441 
SOLUTION 64 1966 341 51 
SOLUTION 64 1966 341 383 
SOLUTION 64 1966 1562 51 
SOLUTION 64 1966 1562 383 
SOLUTION 64 2065 341 51 
SOLUTION 64 2065 341 383 
SOLUTION 64 2065 1562 51 
SOLUTION 64 2065 1562 383 
SOLUTION 223 1966 341 51 
SOLUTION 223 1966 341 383 
SOLUTION 223 1966 1562 51 
SOLUTION 223 1966 1562 383 
SOLUTION 223 2065 341 51 
SOLUTION 223 2065 341 383 
SOLUTION 223 2065 1562 51 
SOLUTION 223 2065 1562 383 
41 97
40 201
SOLUTION 130 1468 22 271 
SOLUTION 130 1468 22 345 
SOLUTION 130 1468 1956 271 
SOLUTION 130 1468 1956 345 
SOLUTION 130 1648 22 271 
SOLUTION 130 1648 22 345 
SOLUTION 130 1648 1956 271 
SOLUTION 130 1648 1956 345 
SOLUTION 20 375 125 796 
SOLUTION 20 375 125 1124 
SOLUTION 20 375 463 796 
SOLUTION 20 375 463 1124 
SOLUTION 20 375 1205 796 
SOLUTION 20 375 1205 1124 
SOLUTION 20 375 1497 796 
SOLUTION 20 375 1497 1124 
SOLUTION 20 724 125 796 
SOLUTION 20 724 125 1124 
SOLUTION 20 724 463 796 
SOLUTION 20 724 463 1124 
SOLUTION 20 724 1205 796 
SOLUTION 20 724 1205 1124 
SOLUTION 20 724 1497 796 
SOLUTION 20 724 1497 1124 
SOLUTION 148 375 125 796 
SOLUTION 148 375 125 1124 
SOLUTION 148 375 463 796 
SOLUTION 148 375 463 1124 
SOLUTION 148 375 1205 796 
SOLUTION 148 375 1205 1124 
SOLUTION 148 375 1497 796 
SOLUTION 148 375 1497 1124 
SOLUTION 148 724 125 796 
SOLUTION 148 724 125 1124 
SOLUTION 148 724 463 796 
SOLUTION 148 724 463 1124 
SOLUTION 148 724 1205 796 
SOLUTION 148 724 1205 1124 
SOLUTION 148 724 1497 796 
SOLUTION 148 724 1497 1124 
SOLUTION 66 641 793 508 
SOLUTION 66 641 793 630 
SOLUTION 66 641 793 930 
SOLUTION 66 641 793 1193 
SOLUTION 66 641 1300 508 
SOLUTION 66 641 1300 630 
SOLUTION 66 641 1300 930 
SOLUTION 66 641 1300 1193 
SOLUTION 66 671 793 508 
SOLUTION 66 671 793 630 
SOLUTION 66 671 793 930 
SOLUTION 66 671 793 1193 
SOLUTION 66 671 1300 508 
SOLUTION 66 671 1300 630 
SOLUTION 66 671 1300 930 
SOLUTION 66 671 1300 1193 
SOLUTION 183 345 440 576 
SOLUTION 183 345 440 1210 
SOLUTION 183 345 1209 576 
SOLUTION 183 345 1209 1210 
SOLUTION 183 743 440 576 
SOLUTION 183 743 440 1210 
SOLUTION 183 743 1209 576 
SOLUTION 183 743 1209 1210 
39 464
SOLUTION 93 71 1001 634 
SOLUTION 93 71 1001 1036 
SOLUTION 93 71 1983 634 
SOLUTION 93 71 1983 1036 
SOLUTION 93 1136 1001 634 
SOLUTION 93 1136 1001 1036 
SOLUTION 93 1136 1983 634 
SOLUTION 93 1136 1983 1036 
SOLUTION 60 279 322 543 
SOLUTION 60 279 322 1034 
SOLUTION 60 279 461 543 
SOLUTION 60 279 461 1034 
SOLUTION 60 279 1395 543 
SOLUTION 60 279 1395 1034 
SOLUTION 60 279 1495 543 
SOLUTION 60 279 1495 1034 
SOLUTION 60 1128 322 543 
SOLUTION 60 1128 322 1034 
SOLUTION 60 1128 461 543 
SOLUTION 60 1128 461 1034 
SOLUTION 60 1128 1395 543 
SOLUTION 60 1128 1395 1034 
SOLUTION 60 1128 1495 543 
SOLUTION 60 1128 1495 1034 
SOLUTION 14 920 171 1010 
SOLUTION 14 920 171 1024 
SOLUTION 14 920 1922 1010 
SOLUTION 14 920 1922 1024 
SOLUTION 14 1001 171 1010 
SOLUTION 14 1001 171 1024 
SOLUTION 14 1001 1922 1010 
SOLUTION 14 1001 1922 1024 
SOLUTION 206 920 171 1010 
SOLUTION 206 920 171 1024 
SOLUTION 206 920 1922 1010 
SOLUTION 206 920 1922 1024 
SOLUTION 206 1001 171 1010 
SOLUTION 206 1001 171 1024 
SOLUTION 206 1001 1922 1010 
SOLUTION 206 1001 1922 1024 
SOLUTION 60 124 1064 913 
SOLUTION 60 124 1064 968 
SOLUTION 60 124 1503 913 
SOLUTION 60 124 1503 968 
SOLUTION 60 788 1064 913 
SOLUTION 60 788 1064 968 
SOLUTION 60 788 1503 913 
SOLUTION 60 788 1503 968 
SOLUTION 202 29 173 639 
SOLUTION 202 29 173 667 
SOLUTION 202 29 173 879 
SOLUTION 202 29 173 921 
SOLUTION 202 29 1035 639 
SOLUTION 202 29 1035 667 
SOLUTION 202 29 1035 879 
SOLUTION 202 29 1035 921 
SOLUTION 202 29 1233 639 
SOLUTION 202 29 1233 667 
SOLUTION 202 29 1233 879 
SOLUTION 202 29 1233 921 
SOLUTION 202 29 2026 639 
SOLUTION 202 29 2026 667 
SOLUTION 202 29 2026 879 
SOLUTION 202 29 2026 921 
SOLUTION 202 1082 173 639 
SOLUTION 202 1082 173 667 
SOLUTION 202 1082 173 879 
SOLUTION 202 1082 173 921 
SOLUTION 202 1082 1035 639 
SOLUTION 202 1082 1035 667 
SOLUTION 202 1082 1035 879 
SOLUTION 202 1082 1035 921 
SOLUTION 202 1082 1233 639 
SOLUTION 202 1082 1233 667 
SOLUTION 202 1082 1233 879 
SOLUTION 202 1082 1233 921 
SOLUTION 202 1082 2026 639 
SOLUTION 202 1082 2026 667 
SOLUTION 202 1082 2026 879 
SOLUTION 202 1082 2026 921 
SOLUTION 16 157 107 913 
SOLUTION 16 157 107 968 
SOLUTION 16 157 1603 913 
SOLUTION 16 157 1603 968 
SOLUTION 16 742 107 913 
SOLUTION 16 742 107 968 
SOLUTION 16 742 1603 913 
SOLUTION 16 742 1603 968 
SOLUTION 224 157 107 913 
SOLUTION 224 157 107 968 
SOLUTION 224 157 1603 913 
SOLUTION 224 157 1603 968 
SOLUTION 224 742 107 913 
SOLUTION 224 742 107 968 
SOLUTION 224 742 1603 913 
SOLUTION 224 742 1603 968 
SOLUTION 231 307 25 834 
SOLUTION 231 307 25 1035 
SOLUTION 231 307 2236 834 
SOLUTION 231 307 2236 1035 
SOLUTION 231 623 25 834 
SOLUTION 231 623 25 1035 
SOLUTION 231 623 2236 834 
SOLUTION 231 623 2236 1035 
SOLUTION 23 95 447 613 
SOLUTION 23 95 447 980 
SOLUTION 23 95 1524 613 
SOLUTION 23 95 1524 980 
SOLUTION 23 1131 447 613 
SOLUTION 23 1131 447 980 
SOLUTION 23 1131 1524 613 
SOLUTION 23 1131 1524 980 
SOLUTION 23 480 447 580 
SOLUTION 23 480 447 1064 
SOLUTION 23 480 1524 580 
SOLUTION 23 480 1524 1064 
SOLUTION 23 666 447 580 
SOLUTION 23 666 447 1064 
SOLUTION 23 666 1524 580 
SOLUTION 23 666 1524 1064 
SOLUTION 72 1978 516 103 
SOLUTION 72 1978 516 264 
SOLUTION 72 1978 2200 103 
SOLUTION 72 1978 2200 264 
SOLUTION 72 2060 516 103 
SOLUTION 72 2060 516 264 
SOLUTION 72 2060 2200 103 
SOLUTION 72 2060 2200 264 
SOLUTION 140 1978 516 103 
SOLUTION 140 1978 516 264 
SOLUTION 140 1978 2200 103 
SOLUTION 140 1978 2200 264 
SOLUTION 140 2060 516 103 
SOLUTION 140 2060 516 264 
SOLUTION 140 2060 2200 103 
SOLUTION 140 2060 2200 264 
SOLUTION 171 655 386 603 
SOLUTION 171 655 386 1176 
SOLUTION 171 655 1240 603 
SOLUTION 171 655 1240 1176 
SOLUTION 171 1138 386 603 
SOLUTION 171 1138 386 1176 
SOLUTION 171 1138 1240 603 
SOLUTION 171 1138 1240 1176 
SOLUTION 209 655 386 603 
SOLUTION 209 655 386 1176 
SOLUTION 209 655 1240 603 
SOLUTION 209 655 1240 1176 
SOLUTION 209 1138 386 603 
SOLUTION 209 1138 386 1176 
SOLUTION 209 1138 1240 603 
SOLUTION 209 1138 1240 1176 
SOLUTION 16 157 1064 712 
SOLUTION 16 157 1064 1023 
SOLUTION 16 157 1503 712 
SOLUTION 16 157 1503 1023 
SOLUTION 16 742 1064 712 
SOLUTION 16 742 1064 1023 
SOLUTION 16 742 1503 712 
SOLUTION 16 742 1503 1023 
SOLUTION 224 157 1064 712 
SOLUTION 224 157 1064 1023 
SOLUTION 224 157 1503 712 
SOLUTION 224 157 1503 1023 
SOLUTION 224 742 1064 712 
SOLUTION 224 742 1064 1023 
SOLUTION 224 742 1503 712 
SOLUTION 224 742 1503 1023 
SOLUTION 45 718 152 604 
SOLUTION 45 718 152 1108 
SOLUTION 45 718 417 604 
SOLUTION 45 718 417 1108 
SOLUTION 45 718 1833 604 
SOLUTION 45 718 1833 1108 
SOLUTION 45 718 2176 604 
SOLUTION 45 718 2176 1108 
SOLUTION 45 1098 152 604 
SOLUTION 45 1098 152 1108 
SOLUTION 45 1098 417 604 
SOLUTION 45 1098 417 1108 
SOLUTION 45 1098 1833 604 
SOLUTION 45 1098 1833 1108 
SOLUTION 45 1098 2176 604 
SOLUTION 45 1098 2176 1108 
SOLUTION 254 95 1140 696 
SOLUTION 254 95 1140 790 
SOLUTION 254 95 1504 696 
SOLUTION 254 95 1504 790 
SOLUTION 254 1131 1140 696 
SOLUTION 254 1131 1140 790 
SOLUTION 254 1131 1504 696 
SOLUTION 254 1131 1504 790 
SOLUTION 159 186 223 545 
SOLUTION 159 186 223 859 
SOLUTION 159 186 2295 545 
SOLUTION 159 186 2295 859 
SOLUTION 159 276 223 545 
SOLUTION 159 276 223 859 
SOLUTION 159 276 2295 545 
SOLUTION 159 276 2295 859 
SOLUTION 70 248 946 584 
SOLUTION 70 248 946 1053 
SOLUTION 70 248 2045 584 
SOLUTION 70 248 2045 1053 
SOLUTION 70 727 946 584 
SOLUTION 70 727 946 1053 
SOLUTION 70 727 2045 584 
SOLUTION 70 727 2045 1053 
SOLUTION 69 710 107 712 
SOLUTION 69 710 107 1023 
SOLUTION 69 710 1603 712 
SOLUTION 69 710 1603 1023 
SOLUTION 69 1070 107 712 
SOLUTION 69 1070 107 1023 
SOLUTION 69 1070 1603 712 
SOLUTION 69 1070 1603 1023 
SOLUTION 42 1486 156 206 
SOLUTION 42 1486 992 206 
SOLUTION 42 1486 1332 206 
SOLUTION 42 1486 2173 206 
SOLUTION 42 1560 156 206 
SOLUTION 42 1560 992 206 
SOLUTION 42 1560 1332 206 
SOLUTION 42 1560 2173 206 
SOLUTION 42 1833 156 206 
SOLUTION 42 1833 992 206 
SOLUTION 42 1833 1332 206 
SOLUTION 42 1833 2173 206 
SOLUTION 42 1911 156 206 
SOLUTION 42 1911 992 206 
SOLUTION 42 1911 1332 206 
SOLUTION 42 1911 2173 206 
SOLUTION 128 1444 821 167 
SOLUTION 128 1444 821 301 
SOLUTION 128 1444 1945 167 
SOLUTION 128 1444 1945 301 
SOLUTION 128 2141 821 167 
SOLUTION 128 2141 821 301 
SOLUTION 128 2141 1945 167 
SOLUTION 128 2141 1945 301 
SOLUTION 181 123 163 617 
SOLUTION 181 123 163 640 
SOLUTION 181 123 2118 617 
SOLUTION 181 123 2118 640 
SOLUTION 181 1134 163 617 
SOLUTION 181 1134 163 640 
SOLUTION 181 1134 2118 617 
SOLUTION 181 1134 2118 640 
SOLUTION 181 132 1144 617 
SOLUTION 181 132 1144 640 
SOLUTION 181 132 1214 617 
SOLUTION 181 132 1214 640 
SOLUTION 181 1116 1144 617 
SOLUTION 181 1116 1144 640 
SOLUTION 181 1116 1214 617 
SOLUTION 181 1116 1214 640 
SOLUTION 178 516 225 1027 
SOLUTION 178 516 225 1114 
SOLUTION 178 516 2207 1027 
SOLUTION 178 516 2207 1114 
SOLUTION 178 773 225 1027 
SOLUTION 178 773 225 1114 
SOLUTION 178 773 2207 1027 
SOLUTION 178 773 2207 1114 
SOLUTION 87 284 1165 618 
SOLUTION 87 284 1165 792 
SOLUTION 87 284 1267 618 
SOLUTION 87 284 1267 792 
SOLUTION 87 874 1165 618 
SOLUTION 87 874 1165 792 
SOLUTION 87 874 1267 618 
SOLUTION 87 874 1267 792 
38 291
SOLUTION 230 41 672 637 
SOLUTION 230 41 672 650 
SOLUTION 230 41 672 897 
SOLUTION 230 41 672 922 
SOLUTION 230 41 2265 637 
SOLUTION 230 41 2265 650 
SOLUTION 230 41 2265 897 
SOLUTION 230 41 2265 922 
SOLUTION 230 1132 672 637 
SOLUTION 230 1132 672 650 
SOLUTION 230 1132 672 897 
SOLUTION 230 1132 672 922 
SOLUTION 230 1132 2265 637 
SOLUTION 230 1132 2265 650 
SOLUTION 230 1132 2265 897 
SOLUTION 230 1132 2265 922 
SOLUTION 240 24 229 870 
SOLUTION 240 24 229 925 
SOLUTION 240 24 1799 870 
SOLUTION 240 24 1799 925 
SOLUTION 240 1037 229 870 
SOLUTION 240 1037 229 925 
SOLUTION 240 1037 1799 870 
SOLUTION 240 1037 1799 925 
SOLUTION 197 73 192 713 
SOLUTION 197 73 192 906 
SOLUTION 197 73 1755 713 
SOLUTION 197 73 1755 906 
SOLUTION 197 490 192 713 
SOLUTION 197 490 192 906 
SOLUTION 197 490 1755 713 
SOLUTION 197 490 1755 906 
SOLUTION 242 1770 1072 110 
SOLUTION 242 1770 1072 275 
SOLUTION 242 1770 1176 110 
SOLUTION 242 1770 1176 275 
SOLUTION 242 1840 1072 110 
SOLUTION 242 1840 1072 275 
SOLUTION 242 1840 1176 110 
SOLUTION 242 1840 1176 275 
37 21
36 35
35 233
SOLUTION 63 419 885 717 
SOLUTION 63 419 885 1001 
SOLUTION 63 419 1191 717 
SOLUTION 63 419 1191 1001 
SOLUTION 63 916 885 717 
SOLUTION 63 916 885 1001 
SOLUTION 63 916 1191 717 
SOLUTION 63 916 1191 1001 
SOLUTION 118 419 885 717 
SOLUTION 118 419 885 1001 
SOLUTION 118 419 1191 717 
SOLUTION 118 419 1191 1001 
SOLUTION 118 916 885 717 
SOLUTION 118 916 885 1001 
SOLUTION 118 916 1191 717 
SOLUTION 118 916 1191 1001 
SOLUTION 171 720 478 603 
SOLUTION 171 720 478 1176 
SOLUTION 171 720 1183 603 
SOLUTION 171 720 1183 1176 
SOLUTION 171 1020 478 603 
SOLUTION 171 1020 478 1176 
SOLUTION 171 1020 1183 603 
SOLUTION 171 1020 1183 1176 
SOLUTION 209 720 478 603 
SOLUTION 209 720 478 1176 
SOLUTION 209 720 1183 603 
SOLUTION 209 720 1183 1176 
SOLUTION 209 1020 478 603 
SOLUTION 209 1020 478 1176 
SOLUTION 209 1020 1183 603 
SOLUTION 209 1020 1183 1176 
SOLUTION 74 678 30 618 
SOLUTION 74 678 30 792 
SOLUTION 74 678 2040 618 
SOLUTION 74 678 2040 792 
SOLUTION 74 907 30 618 
SOLUTION 74 907 30 792 
SOLUTION 74 907 2040 618 
SOLUTION 74 907 2040 792 
34 249
SOLUTION 240 214 30 870 
SOLUTION 240 214 30 925 
SOLUTION 240 214 2040 870 
SOLUTION 240 214 2040 925 
SOLUTION 240 750 30 870 
SOLUTION 240 750 30 925 
SOLUTION 240 750 2040 870 
SOLUTION 240 750 2040 925 
33 40
32 12
31 36
30 11
29 140
28 190
27 45
26 165
SOLUTION 111 275 260 565 
SOLUTION 111 275 260 800 
SOLUTION 111 275 2144 565 
SOLUTION 111 275 2144 800 
SOLUTION 111 632 260 565 
SOLUTION 111 632 260 800 
SOLUTION 111 632 2144 565 
SOLUTION 111 632 2144 800 
SOLUTION 169 275 260 565 
SOLUTION 169 275 260 800 
SOLUTION 169 275 2144 565 
SOLUTION 169 275 2144 800 
SOLUTION 169 632 260 565 
SOLUTION 169 632 260 800 
SOLUTION 169 632 2144 565 
SOLUTION 169 632 2144 800 
SOLUTION 66 641 100 538 
SOLUTION 66 641 100 934 
SOLUTION 66 641 1896 538 
SOLUTION 66 641 1896 934 
SOLUTION 66 671 100 538 
SOLUTION 66 671 100 934 
SOLUTION 66 671 1896 538 
SOLUTION 66 671 1896 934 
SOLUTION 25 273 766 780 
SOLUTION 25 273 766 1066 
SOLUTION 25 273 1285 780 
SOLUTION 25 273 1285 1066 
SOLUTION 25 1024 766 780 
SOLUTION 25 1024 766 1066 
SOLUTION 25 1024 1285 780 
SOLUTION 25 1024 1285 1066 
SOLUTION 25 349 174 780 
SOLUTION 25 349 174 1066 
SOLUTION 25 349 1848 780 
SOLUTION 25 349 1848 1066 
SOLUTION 25 917 174 780 
SOLUTION 25 917 174 1066 
SOLUTION 25 917 1848 780 
SOLUTION 25 917 1848 1066 
SOLUTION 113 361 954 751 
SOLUTION 113 361 954 781 
SOLUTION 113 361 1216 751 
SOLUTION 113 361 1216 781 
SOLUTION 113 1057 954 751 
SOLUTION 113 1057 954 781 
SOLUTION 113 1057 1216 751 
SOLUTION 113 1057 1216 781 
SOLUTION 25 273 934 822 
SOLUTION 25 273 934 1152 
SOLUTION 25 273 1424 822 
SOLUTION 25 273 1424 1152 
SOLUTION 25 1024 934 822 
SOLUTION 25 1024 934 1152 
SOLUTION 25 1024 1424 822 
SOLUTION 25 1024 1424 1152 
SOLUTION 20 375 1042 489 
SOLUTION 20 375 1042 724 
SOLUTION 20 375 1737 489 
SOLUTION 20 375 1737 724 
SOLUTION 20 724 1042 489 
SOLUTION 20 724 1042 724 
SOLUTION 20 724 1737 489 
SOLUTION 20 724 1737 724 
SOLUTION 148 375 1042 489 
SOLUTION 148 375 1042 724 
SOLUTION 148 375 1737 489 
SOLUTION 148 375 1737 724 
SOLUTION 148 724 1042 489 
SOLUTION 148 724 1042 724 
SOLUTION 148 724 1737 489 
SOLUTION 148 724 1737 724 
SOLUTION 25 349 291 822 
SOLUTION 25 349 291 1152 
SOLUTION 25 349 2025 822 
SOLUTION 25 349 2025 1152 
SOLUTION 25 917 291 822 
SOLUTION 25 917 291 1152 
SOLUTION 25 917 2025 822 
SOLUTION 25 917 2025 1152 
25 357
SOLUTION 27 252 607 982 
SOLUTION 27 252 607 1025 
SOLUTION 27 252 1820 982 
SOLUTION 27 252 1820 1025 
SOLUTION 27 682 607 982 
SOLUTION 27 682 607 1025 
SOLUTION 27 682 1820 982 
SOLUTION 27 682 1820 1025 
SOLUTION 115 252 607 982 
SOLUTION 115 252 607 1025 
SOLUTION 115 252 1820 982 
SOLUTION 115 252 1820 1025 
SOLUTION 115 682 607 982 
SOLUTION 115 682 607 1025 
SOLUTION 115 682 1820 982 
SOLUTION 115 682 1820 1025 
SOLUTION 27 175 296 811 
SOLUTION 27 175 296 970 
SOLUTION 27 175 1532 811 
SOLUTION 27 175 1532 970 
SOLUTION 27 586 296 811 
SOLUTION 27 586 296 970 
SOLUTION 27 586 1532 811 
SOLUTION 27 586 1532 970 
SOLUTION 115 175 296 811 
SOLUTION 115 175 296 970 
SOLUTION 115 175 1532 811 
SOLUTION 115 175 1532 970 
SOLUTION 115 586 296 811 
SOLUTION 115 586 296 970 
SOLUTION 115 586 1532 811 
SOLUTION 115 586 1532 970 
SOLUTION 59 174 558 769 
SOLUTION 59 174 558 1142 
SOLUTION 59 174 2111 769 
SOLUTION 59 174 2111 1142 
SOLUTION 59 680 558 769 
SOLUTION 59 680 558 1142 
SOLUTION 59 680 2111 769 
SOLUTION 59 680 2111 1142 
SOLUTION 92 256 291 954 
SOLUTION 92 256 291 1050 
SOLUTION 92 256 2025 954 
SOLUTION 92 256 2025 1050 
SOLUTION 92 1139 291 954 
SOLUTION 92 1139 291 1050 
SOLUTION 92 1139 2025 954 
SOLUTION 92 1139 2025 1050 
SOLUTION 42 1486 420 81 
SOLUTION 42 1486 656 81 
SOLUTION 42 1486 1609 81 
SOLUTION 42 1486 1830 81 
SOLUTION 42 1560 420 81 
SOLUTION 42 1560 656 81 
SOLUTION 42 1560 1609 81 
SOLUTION 42 1560 1830 81 
SOLUTION 42 1833 420 81 
SOLUTION 42 1833 656 81 
SOLUTION 42 1833 1609 81 
SOLUTION 42 1833 1830 81 
SOLUTION 42 1911 420 81 
SOLUTION 42 1911 656 81 
SOLUTION 42 1911 1609 81 
SOLUTION 42 1911 1830 81 
SOLUTION 46 457 720 1000 
SOLUTION 46 457 720 1173 
SOLUTION 46 457 1919 1000 
SOLUTION 46 457 1919 1173 
SOLUTION 46 673 720 1000 
SOLUTION 46 673 720 1173 
SOLUTION 46 673 1919 1000 
SOLUTION 46 673 1919 1173 
SOLUTION 68 457 720 1000 
SOLUTION 68 457 720 1173 
SOLUTION 68 457 1919 1000 
SOLUTION 68 457 1919 1173 
SOLUTION 68 673 720 1000 
SOLUTION 68 673 720 1173 
SOLUTION 68 673 1919 1000 
SOLUTION 68 673 1919 1173 
SOLUTION 77 213 143 802 
SOLUTION 77 213 143 865 
SOLUTION 77 213 143 1056 
SOLUTION 77 213 143 1171 
SOLUTION 77 213 648 802 
SOLUTION 77 213 648 865 
SOLUTION 77 213 648 1056 
SOLUTION 77 213 648 1171 
SOLUTION 77 213 1616 802 
SOLUTION 77 213 1616 865 
SOLUTION 77 213 1616 1056 
SOLUTION 77 213 1616 1171 
SOLUTION 77 213 2185 802 
SOLUTION 77 213 2185 865 
SOLUTION 77 213 2185 1056 
SOLUTION 77 213 2185 1171 
SOLUTION 77 931 143 802 
SOLUTION 77 931 143 865 
SOLUTION 77 931 143 1056 
SOLUTION 77 931 143 1171 
SOLUTION 77 931 648 802 
SOLUTION 77 931 648 865 
SOLUTION 77 931 648 1056 
SOLUTION 77 931 648 1171 
SOLUTION 77 931 1616 802 
SOLUTION 77 931 1616 865 
SOLUTION 77 931 1616 1056 
SOLUTION 77 931 1616 1171 
SOLUTION 77 931 2185 802 
SOLUTION 77 931 2185 865 
SOLUTION 77 931 2185 1056 
SOLUTION 77 931 2185 1171 
SOLUTION 72 1241 307 233 
SOLUTION 72 1241 307 426 
SOLUTION 72 1241 1317 233 
SOLUTION 72 1241 1317 426 
SOLUTION 72 1803 307 233 
SOLUTION 72 1803 307 426 
SOLUTION 72 1803 1317 233 
SOLUTION 72 1803 1317 426 
SOLUTION 140 1241 307 233 
SOLUTION 140 1241 307 426 
SOLUTION 140 1241 1317 233 
SOLUTION 140 1241 1317 426 
SOLUTION 140 1803 307 233 
SOLUTION 140 1803 307 426 
SOLUTION 140 1803 1317 233 
SOLUTION 140 1803 1317 426 
SOLUTION 89 507 942 701 
SOLUTION 89 507 942 1129 
SOLUTION 89 507 1506 701 
SOLUTION 89 507 1506 1129 
SOLUTION 89 1089 942 701 
SOLUTION 89 1089 942 1129 
SOLUTION 89 1089 1506 701 
SOLUTION 89 1089 1506 1129 
SOLUTION 17 1507 558 56 
SOLUTION 17 1507 558 320 
SOLUTION 17 1507 2111 56 
SOLUTION 17 1507 2111 320 
SOLUTION 17 1993 558 56 
SOLUTION 17 1993 558 320 
SOLUTION 17 1993 2111 56 
SOLUTION 17 1993 2111 320 
SOLUTION 257 1507 558 56 
SOLUTION 257 1507 558 320 
SOLUTION 257 1507 2111 56 
SOLUTION 257 1507 2111 320 
SOLUTION 257 1993 558 56 
SOLUTION 257 1993 558 320 
SOLUTION 257 1993 2111 56 
SOLUTION 257 1993 2111 320 
SOLUTION 88 257 428 540 
SOLUTION 88 257 428 1225 
SOLUTION 88 257 1545 540 
SOLUTION 88 257 1545 1225 
SOLUTION 88 985 428 540 
SOLUTION 88 985 428 1225 
SOLUTION 88 985 1545 540 
SOLUTION 88 985 1545 1225 
SOLUTION 167 451 296 476 
SOLUTION 167 451 296 1242 
SOLUTION 167 451 1532 476 
SOLUTION 167 451 1532 1242 
SOLUTION 167 913 296 476 
SOLUTION 167 913 296 1242 
SOLUTION 167 913 1532 476 
SOLUTION 167 913 1532 1242 
SOLUTION 78 655 1029 588 
SOLUTION 78 655 1029 1110 
SOLUTION 78 655 1772 588 
SOLUTION 78 655 1772 1110 
SOLUTION 78 1138 1029 588 
SOLUTION 78 1138 1029 1110 
SOLUTION 78 1138 1772 588 
SOLUTION 78 1138 1772 1110 
SOLUTION 171 655 1029 492 
SOLUTION 171 655 1029 901 
SOLUTION 171 655 1772 492 
SOLUTION 171 655 1772 901 
SOLUTION 171 1138 1029 492 
SOLUTION 171 1138 1029 901 
SOLUTION 171 1138 1772 492 
SOLUTION 171 1138 1772 901 
SOLUTION 209 655 1029 492 
SOLUTION 209 655 1029 901 
SOLUTION 209 655 1772 492 
SOLUTION 209 655 1772 901 
SOLUTION 209 1138 1029 492 
SOLUTION 209 1138 1029 901 
SOLUTION 209 1138 1772 492 
SOLUTION 209 1138 1772 901 
SOLUTION 88 528 907 540 
SOLUTION 88 528 907 1225 
SOLUTION 88 528 1354 540 
SOLUTION 88 528 1354 1225 
SOLUTION 88 1120 907 540 
SOLUTION 88 1120 907 1225 
SOLUTION 88 1120 1354 540 
SOLUTION 88 1120 1354 1225 
SOLUTION 77 213 659 586 
SOLUTION 77 213 659 624 
SOLUTION 77 213 659 1065 
SOLUTION 77 213 659 1180 
SOLUTION 77 213 995 586 
SOLUTION 77 213 995 624 
SOLUTION 77 213 995 1065 
SOLUTION 77 213 995 1180 
SOLUTION 77 213 1328 586 
SOLUTION 77 213 1328 624 
SOLUTION 77 213 1328 1065 
SOLUTION 77 213 1328 1180 
SOLUTION 77 213 1606 586 
SOLUTION 77 213 1606 624 
SOLUTION 77 213 1606 1065 
SOLUTION 77 213 1606 1180 
SOLUTION 77 931 659 586 
SOLUTION 77 931 659 624 
SOLUTION 77 931 659 1065 
SOLUTION 77 931 659 1180 
SOLUTION 77 931 995 586 
SOLUTION 77 931 995 624 
SOLUTION 77 931 995 1065 
SOLUTION 77 931 995 1180 
SOLUTION 77 931 1328 586 
SOLUTION 77 931 1328 624 
SOLUTION 77 931 1328 1065 
SOLUTION 77 931 1328 1180 
SOLUTION 77 931 1606 586 
SOLUTION 77 931 1606 624 
SOLUTION 77 931 1606 1065 
SOLUTION 77 931 1606 1180 
SOLUTION 77 713 143 586 
SOLUTION 77 713 143 624 
SOLUTION 77 713 143 1065 
SOLUTION 77 713 143 1180 
SOLUTION 77 713 648 586 
SOLUTION 77 713 648 624 
SOLUTION 77 713 648 1065 
SOLUTION 77 713 648 1180 
SOLUTION 77 713 1616 586 
SOLUTION 77 713 1616 624 
SOLUTION 77 713 1616 1065 
SOLUTION 77 713 1616 1180 
SOLUTION 77 713 2185 586 
SOLUTION 77 713 2185 624 
SOLUTION 77 713 2185 1065 
SOLUTION 77 713 2185 1180 
SOLUTION 77 1109 143 586 
SOLUTION 77 1109 143 624 
SOLUTION 77 1109 143 1065 
SOLUTION 77 1109 143 1180 
SOLUTION 77 1109 648 586 
SOLUTION 77 1109 648 624 
SOLUTION 77 1109 648 1065 
SOLUTION 77 1109 648 1180 
SOLUTION 77 1109 1616 586 
SOLUTION 77 1109 1616 624 
SOLUTION 77 1109 1616 1065 
SOLUTION 77 1109 1616 1180 
SOLUTION 77 1109 2185 586 
SOLUTION 77 1109 2185 624 
SOLUTION 77 1109 2185 1065 
SOLUTION 77 1109 2185 1180 
SOLUTION 198 1792 758 34 
SOLUTION 198 1792 758 404 
SOLUTION 198 1792 2051 34 
SOLUTION 198 1792 2051 404 
SOLUTION 198 2043 758 34 
SOLUTION 198 2043 758 404 
SOLUTION 198 2043 2051 34 
SOLUTION 198 2043 2051 404 
SOLUTION 92 256 934 950 
SOLUTION 92 256 934 1060 
SOLUTION 92 256 1424 950 
SOLUTION 92 256 1424 1060 
SOLUTION 92 1139 934 950 
SOLUTION 92 1139 934 1060 
SOLUTION 92 1139 1424 950 
SOLUTION 92 1139 1424 1060 
SOLUTION 161 256 291 950 
SOLUTION 161 256 291 1060 
SOLUTION 161 256 2025 950 
SOLUTION 161 256 2025 1060 
SOLUTION 161 1139 291 950 
SOLUTION 161 1139 291 1060 
SOLUTION 161 1139 2025 950 
SOLUTION 161 1139 2025 1060 
SOLUTION 107 430 636 918 
SOLUTION 107 430 636 1113 
SOLUTION 107 430 2243 918 
SOLUTION 107 430 2243 1113 
SOLUTION 107 620 636 918 
SOLUTION 107 620 636 1113 
SOLUTION 107 620 2243 918 
SOLUTION 107 620 2243 1113 
SOLUTION 125 430 636 918 
SOLUTION 125 430 636 1113 
SOLUTION 125 430 2243 918 
SOLUTION 125 430 2243 1113 
SOLUTION 125 620 636 918 
SOLUTION 125 620 636 1113 
SOLUTION 125 620 2243 918 
SOLUTION 125 620 2243 1113 
24 233
SOLUTION 194 356 556 528 
SOLUTION 194 356 556 549 
SOLUTION 194 356 556 1109 
SOLUTION 194 356 556 1133 
SOLUTION 194 356 1372 528 
SOLUTION 194 356 1372 549 
SOLUTION 194 356 1372 1109 
SOLUTION 194 356 1372 1133 
SOLUTION 194 558 556 528 
SOLUTION 194 558 556 549 
SOLUTION 194 558 556 1109 
SOLUTION 194 558 556 1133 
SOLUTION 194 558 1372 528 
SOLUTION 194 558 1372 549 
SOLUTION 194 558 1372 1109 
SOLUTION 194 558 1372 1133 
SOLUTION 75 450 558 486 
SOLUTION 75 450 558 739 
SOLUTION 75 450 2111 486 
SOLUTION 75 450 2111 739 
SOLUTION 75 1016 558 486 
SOLUTION 75 1016 558 739 
SOLUTION 75 1016 2111 486 
SOLUTION 75 1016 2111 739 
SOLUTION 229 1356 428 306 
SOLUTION 229 1356 428 439 
SOLUTION 229 1356 1545 306 
SOLUTION 229 1356 1545 439 
SOLUTION 229 2197 428 306 
SOLUTION 229 2197 428 439 
SOLUTION 229 2197 1545 306 
SOLUTION 229 2197 1545 439 
SOLUTION 230 41 783 844 
SOLUTION 230 41 783 1217 
SOLUTION 230 41 1515 844 
SOLUTION 230 41 1515 1217 
SOLUTION 230 1132 783 844 
SOLUTION 230 1132 783 1217 
SOLUTION 230 1132 1515 844 
SOLUTION 230 1132 1515 1217 
23 18
22 54
21 281
SOLUTION 84 264 945 912 
SOLUTION 84 264 945 1080 
SOLUTION 84 264 1187 912 
SOLUTION 84 264 1187 1080 
SOLUTION 84 746 945 912 
SOLUTION 84 746 945 1080 
SOLUTION 84 746 1187 912 
SOLUTION 84 746 1187 1080 
SOLUTION 89 696 223 701 
SOLUTION 89 696 223 1129 
SOLUTION 89 696 2295 701 
SOLUTION 89 696 2295 1129 
SOLUTION 89 825 223 701 
SOLUTION 89 825 223 1129 
SOLUTION 89 825 2295 701 
SOLUTION 89 825 2295 1129 
SOLUTION 120 351 961 672 
SOLUTION 120 351 961 1198 
SOLUTION 120 351 1703 672 
SOLUTION 120 351 1703 1198 
SOLUTION 120 697 961 672 
SOLUTION 120 697 961 1198 
SOLUTION 120 697 1703 672 
SOLUTION 120 697 1703 1198 
SOLUTION 78 720 1150 588 
SOLUTION 78 720 1150 1110 
SOLUTION 78 720 1712 588 
SOLUTION 78 720 1712 1110 
SOLUTION 78 1020 1150 588 
SOLUTION 78 1020 1150 1110 
SOLUTION 78 1020 1712 588 
SOLUTION 78 1020 1712 1110 
SOLUTION 171 720 1150 492 
SOLUTION 171 720 1150 901 
SOLUTION 171 720 1712 492 
SOLUTION 171 720 1712 901 
SOLUTION 171 1020 1150 492 
SOLUTION 171 1020 1150 901 
SOLUTION 171 1020 1712 492 
SOLUTION 171 1020 1712 901 
SOLUTION 209 720 1150 492 
SOLUTION 209 720 1150 901 
SOLUTION 209 720 1712 492 
SOLUTION 209 720 1712 901 
SOLUTION 209 1020 1150 492 
SOLUTION 209 1020 1150 901 
SOLUTION 209 1020 1712 492 
SOLUTION 209 1020 1712 901 
SOLUTION 176 275 10 726 
SOLUTION 176 275 10 1022 
SOLUTION 176 275 2129 726 
SOLUTION 176 275 2129 1022 
SOLUTION 176 632 10 726 
SOLUTION 176 632 10 1022 
SOLUTION 176 632 2129 726 
SOLUTION 176 632 2129 1022 
SOLUTION 250 275 10 726 
SOLUTION 250 275 10 1022 
SOLUTION 250 275 2129 726 
SOLUTION 250 275 2129 1022 
SOLUTION 250 632 10 726 
SOLUTION 250 632 10 1022 
SOLUTION 250 632 2129 726 
SOLUTION 250 632 2129 1022 
SOLUTION 16 393 829 952 
SOLUTION 16 393 829 1192 
SOLUTION 16 393 1792 952 
SOLUTION 16 393 1792 1192 
SOLUTION 16 675 829 952 
SOLUTION 16 675 829 1192 
SOLUTION 16 675 1792 952 
SOLUTION 16 675 1792 1192 
SOLUTION 224 393 829 952 
SOLUTION 224 393 829 1192 
SOLUTION 224 393 1792 952 
SOLUTION 224 393 1792 1192 
SOLUTION 224 675 829 952 
SOLUTION 224 675 829 1192 
SOLUTION 224 675 1792 952 
SOLUTION 224 675 1792 1192 
SOLUTION 69 612 367 962 
SOLUTION 69 612 367 1233 
SOLUTION 69 612 989 962 
SOLUTION 69 612 989 1233 
SOLUTION 69 612 1428 962 
SOLUTION 69 612 1428 1233 
SOLUTION 69 612 1990 962 
SOLUTION 69 612 1990 1233 
SOLUTION 69 679 367 962 
SOLUTION 69 679 367 1233 
SOLUTION 69 679 989 962 
SOLUTION 69 679 989 1233 
SOLUTION 69 679 1428 962 
SOLUTION 69 679 1428 1233 
SOLUTION 69 679 1990 962 
SOLUTION 69 679 1990 1233 
SOLUTION 178 572 225 965 
SOLUTION 178 572 225 1222 
SOLUTION 178 572 2207 965 
SOLUTION 178 572 2207 1222 
SOLUTION 178 705 225 965 
SOLUTION 178 705 225 1222 
SOLUTION 178 705 2207 965 
SOLUTION 178 705 2207 1222 
SOLUTION 176 612 1070 962 
SOLUTION 176 612 1070 1233 
SOLUTION 176 612 1384 962 
SOLUTION 176 612 1384 1233 
SOLUTION 176 679 1070 962 
SOLUTION 176 679 1070 1233 
SOLUTION 176 679 1384 962 
SOLUTION 176 679 1384 1233 
SOLUTION 250 612 1070 962 
SOLUTION 250 612 1070 1233 
SOLUTION 250 612 1384 962 
SOLUTION 250 612 1384 1233 
SOLUTION 250 679 1070 962 
SOLUTION 250 679 1070 1233 
SOLUTION 250 679 1384 962 
SOLUTION 250 679 1384 1233 
SOLUTION 78 431 452 474 
SOLUTION 78 431 452 1072 
SOLUTION 78 431 1770 474 
SOLUTION 78 431 1770 1072 
SOLUTION 78 900 452 474 
SOLUTION 78 900 452 1072 
SOLUTION 78 900 1770 474 
SOLUTION 78 900 1770 1072 
SOLUTION 74 678 229 491 
SOLUTION 74 678 229 1020 
SOLUTION 74 678 1799 491 
SOLUTION 74 678 1799 1020 
SOLUTION 74 907 229 491 
SOLUTION 74 907 229 1020 
SOLUTION 74 907 1799 491 
SOLUTION 74 907 1799 1020 
20 317
SOLUTION 217 123 92 1032 
SOLUTION 217 123 92 1079 
SOLUTION 217 123 2034 1032 
SOLUTION 217 123 2034 1079 
SOLUTION 217 1134 92 1032 
SOLUTION 217 1134 92 1079 
SOLUTION 217 1134 2034 1032 
SOLUTION 217 1134 2034 1079 
SOLUTION 217 132 1062 1032 
SOLUTION 217 132 1062 1079 
SOLUTION 217 132 1184 1032 
SOLUTION 217 132 1184 1079 
SOLUTION 217 1116 1062 1032 
SOLUTION 217 1116 1062 1079 
SOLUTION 217 1116 1184 1032 
SOLUTION 217 1116 1184 1079 
SOLUTION 217 123 163 1042 
SOLUTION 217 123 163 1087 
SOLUTION 217 123 2118 1042 
SOLUTION 217 123 2118 1087 
SOLUTION 217 1134 163 1042 
SOLUTION 217 1134 163 1087 
SOLUTION 217 1134 2118 1042 
SOLUTION 217 1134 2118 1087 
SOLUTION 217 132 1144 1042 
SOLUTION 217 132 1144 1087 
SOLUTION 217 132 1214 1042 
SOLUTION 217 132 1214 1087 
SOLUTION 217 1116 1144 1042 
SOLUTION 217 1116 1144 1087 
SOLUTION 217 1116 1214 1042 
SOLUTION 217 1116 1214 1087 
SOLUTION 155 1642 486 365 
SOLUTION 155 1642 486 410 
SOLUTION 155 1642 1957 365 
SOLUTION 155 1642 1957 410 
SOLUTION 155 1984 486 365 
SOLUTION 155 1984 486 410 
SOLUTION 155 1984 1957 365 
SOLUTION 155 1984 1957 410 
SOLUTION 214 1642 486 365 
SOLUTION 214 1642 486 410 
SOLUTION 214 1642 1957 365 
SOLUTION 214 1642 1957 410 
SOLUTION 214 1984 486 365 
SOLUTION 214 1984 486 410 
SOLUTION 214 1984 1957 365 
SOLUTION 214 1984 1957 410 
SOLUTION 47 334 610 592 
SOLUTION 47 334 610 818 
SOLUTION 47 334 1743 592 
SOLUTION 47 334 1743 818 
SOLUTION 47 976 610 592 
SOLUTION 47 976 610 818 
SOLUTION 47 976 1743 592 
SOLUTION 47 976 1743 818 
SOLUTION 122 446 1144 704 
SOLUTION 122 446 1144 1168 
SOLUTION 122 446 1214 704 
SOLUTION 122 446 1214 1168 
SOLUTION 122 570 1144 704 
SOLUTION 122 570 1144 1168 
SOLUTION 122 570 1214 704 
SOLUTION 122 570 1214 1168 
SOLUTION 237 446 1144 704 
SOLUTION 237 446 1144 1168 
SOLUTION 237 446 1214 704 
SOLUTION 237 446 1214 1168 
SOLUTION 237 570 1144 704 
SOLUTION 237 570 1144 1168 
SOLUTION 237 570 1214 704 
SOLUTION 237 570 1214 1168 
SOLUTION 122 446 163 674 
SOLUTION 122 446 163 1221 
SOLUTION 122 446 2118 674 
SOLUTION 122 446 2118 1221 
SOLUTION 122 570 163 674 
SOLUTION 122 570 163 1221 
SOLUTION 122 570 2118 674 
SOLUTION 122 570 2118 1221 
SOLUTION 237 446 163 674 
SOLUTION 237 446 163 1221 
SOLUTION 237 446 2118 674 
SOLUTION 237 446 2118 1221 
SOLUTION 237 570 163 674 
SOLUTION 237 570 163 1221 
SOLUTION 237 570 2118 674 
SOLUTION 237 570 2118 1221 
SOLUTION 197 137 192 540 
SOLUTION 197 137 192 1225 
SOLUTION 197 137 1755 540 
SOLUTION 197 137 1755 1225 
SOLUTION 197 402 192 540 
SOLUTION 197 402 192 1225 
SOLUTION 197 402 1755 540 
SOLUTION 197 402 1755 1225 
SOLUTION 126 348 66 669 
SOLUTION 126 348 66 774 
SOLUTION 126 348 1858 669 
SOLUTION 126 348 1858 774 
SOLUTION 126 1051 66 669 
SOLUTION 126 1051 66 774 
SOLUTION 126 1051 1858 669 
SOLUTION 126 1051 1858 774 
SOLUTION 154 348 66 669 
SOLUTION 154 348 66 774 
SOLUTION 154 348 1858 669 
SOLUTION 154 348 1858 774 
SOLUTION 154 1051 66 669 
SOLUTION 154 1051 66 774 
SOLUTION 154 1051 1858 669 
SOLUTION 154 1051 1858 774 
SOLUTION 126 312 130 844 
SOLUTION 126 312 130 1217 
SOLUTION 126 312 1947 844 
SOLUTION 126 312 1947 1217 
SOLUTION 126 352 130 844 
SOLUTION 126 352 130 1217 
SOLUTION 126 352 1947 844 
SOLUTION 126 352 1947 1217 
SOLUTION 154 312 130 844 
SOLUTION 154 312 130 1217 
SOLUTION 154 312 1947 844 
SOLUTION 154 312 1947 1217 
SOLUTION 154 352 130 844 
SOLUTION 154 352 130 1217 
SOLUTION 154 352 1947 844 
SOLUTION 154 352 1947 1217 
SOLUTION 243 456 41 821 
SOLUTION 243 456 41 1239 
SOLUTION 243 456 1571 821 
SOLUTION 243 456 1571 1239 
SOLUTION 243 603 41 821 
SOLUTION 243 603 41 1239 
SOLUTION 243 603 1571 821 
SOLUTION 243 603 1571 1239 
SOLUTION 240 893 218 711 
SOLUTION 240 893 218 1161 
SOLUTION 240 893 2153 711 
SOLUTION 240 893 2153 1161 
SOLUTION 240 1028 218 711 
SOLUTION 240 1028 218 1161 
SOLUTION 240 1028 2153 711 
SOLUTION 240 1028 2153 1161 
19 49
18 62
17 160
SOLUTION 145 678 30 491 
SOLUTION 145 678 30 1020 
SOLUTION 145 678 2040 491 
SOLUTION 145 678 2040 1020 
SOLUTION 145 907 30 491 
SOLUTION 145 907 30 1020 
SOLUTION 145 907 2040 491 
SOLUTION 145 907 2040 1020 
16 43
15 4
14 7
13 53
12 146
11 75
10 3
9 25
8 175
SOLUTION 84 273 934 862 
SOLUTION 84 273 934 1244 
SOLUTION 84 273 1424 862 
SOLUTION 84 273 1424 1244 
SOLUTION 84 1024 934 862 
SOLUTION 84 1024 934 1244 
SOLUTION 84 1024 1424 862 
SOLUTION 84 1024 1424 1244 
SOLUTION 84 349 291 862 
SOLUTION 84 349 291 1244 
SOLUTION 84 349 2025 862 
SOLUTION 84 349 2025 1244 
SOLUTION 84 917 291 862 
SOLUTION 84 917 291 1244 
SOLUTION 84 917 2025 862 
SOLUTION 84 917 2025 1244 
7 184
SOLUTION 194 872 149 494 
SOLUTION 194 872 149 994 
SOLUTION 194 872 1552 494 
SOLUTION 194 872 1552 994 
SOLUTION 194 895 149 494 
SOLUTION 194 895 149 994 
SOLUTION 194 895 1552 494 
SOLUTION 194 895 1552 994 
SOLUTION 194 423 556 494 
SOLUTION 194 423 556 994 
SOLUTION 194 423 1372 494 
SOLUTION 194 423 1372 994 
SOLUTION 194 609 556 494 
SOLUTION 194 609 556 994 
SOLUTION 194 609 1372 494 
SOLUTION 194 609 1372 994 
6 30
5 55
4 145
SOLUTION 175 865 60 494 
SOLUTION 175 865 60 994 
SOLUTION 175 865 1666 494 
SOLUTION 175 865 1666 994 
SOLUTION 175 901 60 494 
SOLUTION 175 901 60 994 
SOLUTION 175 901 1666 494 
SOLUTION 175 901 1666 994 
SOLUTION 234 865 60 494 
SOLUTION 234 865 60 994 
SOLUTION 234 865 1666 494 
SOLUTION 234 865 1666 994 
SOLUTION 234 901 60 494 
SOLUTION 234 901 60 994 
SOLUTION 234 901 1666 494 
SOLUTION 234 901 1666 994 
3 40
2 16
1 20
0 0
there are 1392 solutions
It took me 24380000 clicks (24.38 seconds).
