3 7 3 -1 3 -9 -1 -9 -5 
3 -1 3 7 -5 -9 -1 3 -9 
3 -1 3 -1 -5 -5 -1 -1 -1 
3 7 -5 -5 -5 -9 -1 -1 7 
3 -1 3 -1 7 -1 -13 -1 -5 
-5 7 -5 7 -1 -1 -5 -5 -1 
-5 -1 11 -9 -1 3 -5 -1 -1 
-5 7 -5 3 -9 -1 -5 7 -1 
3 3 -5 -9 -1 -9 3 -1 7 
-5 -1 3 -5 -1 -1 -1 -1 3 
3 -5 -5 -1 -1 -1 -9 -1 11 
3 -9 -5 -1 -1 3 7 3 -9 
3 -5 -5 -1 -1 -9 -1 3 7 
3 -1 -5 -13 -1 3 -1 7 -1 
3 -1 -1 -1 3 -1 3 -9 -5 
-5 -1 7 -1 -5 7 -5 -5 -1 
-5 -1 -1 3 -5 -1 3 -1 -1 
3 -5 -1 -9 -5 7 3 -1 -1 
-5 -1 -1 -1 11 -9 -1 -5 3 
-5 3 -9 -1 3 -1 -1 -1 3 
-5 -9 7 -1 -5 3 7 -5 -1 
-13 7 -1 -5 3 -1 -1 3 -1 
-5 -1 -1 -5 3 -5 7 -9 7 
-5 3 -1 -1 -13 3 -1 -1 7 
-5 -9 7 -1 -1 3 -5 -1 3 
-5 -5 -1 -1 7 -1 -5 -5 7 
-5 -9 7 3 -9 3 3 -1 -1 
3 -5 -1 3 -9 -9 3 7 -1 
3 -9 -9 -1 7 3 -1 -5 3 
-5 -1 -9 3 7 -1 -1 -5 3 
-5 -1 -1 -5 7 -5 7 -1 -5 
-5 3 -9 7 -1 3 -9 -1 3 
3 -5 -1 3 -1 -9 -1 -1 3 
3 -5 -1 -1 -1 3 -1 -5 -1 
3 3 -1 -5 -1 -1 -9 3 -1 
11 3 -1 -5 -9 -5 -1 -1 -1 
-1 -1 -5 7 -5 -1 3 3 -9 
-1 -9 3 -1 3 3 -5 -1 -1 
-1 -1 -13 3 3 7 -5 -1 -1 
-9 -1 3 -1 3 -5 -1 7 -5 
-9 -1 3 -5 3 -1 7 -9 3 
-1 -5 -5 -1 -5 7 7 -1 -5 
-9 -1 -5 11 -5 -1 -1 3 -1 
-1 -5 -5 7 -5 -5 -1 7 -1 
7 -5 -5 -5 -5 -1 -1 -1 7 
-1 -1 -5 -1 -1 -1 -5 3 3 
-9 -1 3 -5 -1 7 -5 7 -5 
-1 -5 -5 -9 7 7 3 -1 -5 
-9 -1 3 -1 -1 -5 3 3 -1 
-9 3 3 -9 7 -5 3 -1 -1 
-1 3 -5 -5 -1 -1 3 -1 -1 
-1 -9 3 -1 -1 -5 -1 11 -5 
-9 -1 3 3 -9 7 -1 -5 3 
-1 -13 3 7 -1 -1 -1 -5 3 
-9 3 3 -1 -1 3 -9 7 -5 
-1 -1 -5 3 -1 3 -1 3 -9 
-1 3 3 3 -9 -1 -1 -5 -1 
7 3 3 -5 -1 -5 -9 -1 -1 
7 -1 -9 -9 -5 -1 3 3 3 
-1 -1 -1 -9 -5 3 3 -1 3 
-1 -1 -9 -5 3 -1 11 -1 -5 
-1 -5 -1 -9 3 7 3 3 -9 
-1 -9 -1 3 3 3 -5 -9 7 
-1 -5 -1 -1 -5 11 3 -9 -1 
-1 -1 -1 -1 -5 -13 7 3 3 
-1 -5 -1 -1 3 -1 -1 3 -5 
-1 3 -1 -5 3 -1 7 -9 -5 
-1 -1 -1 3 3 -5 -1 -5 -1 
-1 -5 7 7 -5 -5 -1 3 -9 
-1 3 7 -5 3 -1 -9 3 -9 
7 3 -1 3 3 -5 -9 -9 -1 
-1 7 -9 3 -9 -1 -5 3 3 
7 -5 -9 -1 7 -1 -5 -5 3 
-1 -1 7 -5 -1 -5 -5 7 -5 
-1 3 -1 -1 -1 3 -5 -1 -5 
7 -5 -1 3 -1 -1 3 -1 -13 
-1 7 -1 3 -9 3 -5 -5 -1 
-1 3 7 -1 -1 -5 3 -13 -1 
-1 11 -1 3 -1 -1 -5 -5 -9 
7 7 -1 -5 -1 -5 -1 -5 -5 
7 3 -1 7 -1 -5 -9 -5 -5 
