8 4 0 0 0 -4 -8 -8 0 0 
8 8 0 -4 -8 -4 -8 0 0 0 
0 4 8 -4 0 4 -8 -4 0 -16 
0 8 0 -4 0 -8 0 -4 0 0 
8 -4 0 4 0 0 0 -4 -8 -8 
0 4 0 -4 0 4 0 0 -8 -8 
0 0 0 4 -8 0 0 -8 0 8 
0 0 0 -4 0 -8 0 4 0 0 
8 -4 -8 -8 0 4 0 0 0 0 
0 8 -8 -4 -8 -4 0 0 8 0 
0 4 8 0 0 -4 0 -8 -8 0 
0 -4 8 8 -8 0 0 -4 -8 0 
0 0 0 0 0 -4 0 4 -8 0 
0 4 0 0 0 4 -8 -4 0 -8 
-8 4 0 4 0 -4 0 0 0 -8 
0 -4 0 0 -8 8 8 -4 -8 0 
-8 4 0 -4 0 4 0 -4 8 -16 
0 -4 -8 4 0 0 0 0 0 0 
0 0 0 -4 -8 -4 -8 8 8 0 
0 -4 0 0 0 4 -8 4 0 -8 
0 -4 0 -8 0 4 8 0 -8 0 
-8 0 0 0 0 -4 0 4 0 0 
0 -4 -8 -4 0 8 8 -4 0 -8 
0 -8 0 4 -8 0 0 0 0 8 
0 0 0 -12 0 0 0 4 0 0 
8 0 -8 -4 -8 -4 0 8 0 0 
8 8 0 -4 0 -4 0 -4 -8 -8 
0 0 0 4 0 0 0 -12 0 0 
0 4 -8 -4 0 4 8 -4 0 -16 
0 0 8 -4 0 -4 -8 4 0 -8 
-8 4 0 -4 0 4 0 0 0 -8 
0 -8 0 4 0 0 0 -4 0 0 
0 -4 0 -8 0 4 -8 0 8 0 
-8 8 0 -4 0 -4 0 -4 8 -8 
0 0 -8 -4 0 -4 8 4 0 -8 
-8 -4 0 4 0 0 0 -4 8 -8 
0 4 -8 0 0 -4 0 -8 8 0 
0 0 0 0 -8 -8 0 4 0 8 
0 -4 -8 0 0 4 0 4 0 -8 
-8 -4 8 -8 0 4 0 0 0 0 
-8 -4 0 8 -8 0 8 -4 0 0 
0 0 0 -8 -8 0 0 4 0 8 
0 -8 0 -4 0 8 0 -4 0 0 
-8 -4 8 0 -8 8 0 -4 0 0 
0 -4 0 4 0 0 -8 0 0 0 
-8 4 0 0 0 -4 8 -8 0 0 
0 4 -8 0 0 4 0 -4 0 -8 
0 -4 8 -4 0 8 -8 -4 0 -8 
0 4 0 4 0 -4 0 0 -8 -8 
8 4 0 -4 0 4 0 -4 -8 -16 
8 4 0 -4 0 4 0 -4 -8 -16 
0 4 0 4 0 -4 0 0 -8 -8 
0 -4 0 4 0 0 -8 0 0 0 
0 4 -8 0 0 -4 0 -8 8 0 
8 0 -8 -4 -8 -4 0 8 0 0 
0 -4 8 -4 0 8 -8 -4 0 -8 
0 0 0 -12 0 0 0 4 0 0 
0 -8 0 4 -8 0 0 0 0 8 
0 -4 0 -8 0 4 -8 0 8 0 
0 0 0 -4 -8 -4 -8 8 8 0 
0 4 -8 0 0 4 0 -4 0 -8 
-8 4 0 0 0 -4 8 -8 0 0 
-8 -4 8 0 -8 8 0 -4 0 0 
-8 -4 0 8 -8 0 8 -4 0 0 
-8 0 0 0 0 -4 0 4 0 0 
0 8 -8 -4 -8 -4 0 0 8 0 
-8 -4 0 4 0 0 0 -4 8 -8 
-8 -4 8 -8 0 4 0 0 0 0 
0 0 0 -4 0 -8 0 4 0 0 
0 -4 -8 0 0 4 0 4 0 -8 
-8 4 0 -4 0 4 0 0 0 -8 
0 0 0 4 -8 0 0 -8 0 8 
0 4 -8 -4 0 4 8 -4 0 -16 
0 0 0 0 0 -4 0 4 -8 0 
0 8 0 -4 0 -8 0 -4 0 0 
8 8 0 -4 -8 -4 -8 0 0 0 
0 -8 0 -4 0 8 0 -4 0 0 
0 -4 -8 4 0 0 0 0 0 0 
8 -4 -8 -8 0 4 0 0 0 0 
0 -4 -8 -4 0 8 8 -4 0 -8 
-8 4 0 -4 0 4 0 -4 8 -16 
-8 4 0 4 0 -4 0 0 0 -8 
8 4 0 0 0 -4 -8 -8 0 0 
0 0 0 -8 -8 0 0 4 0 8 
0 0 -8 -4 0 -4 8 4 0 -8 
0 -4 0 -8 0 4 8 0 -8 0 
0 -8 0 4 0 0 0 -4 0 0 
0 -4 0 0 -8 8 8 -4 -8 0 
0 0 0 0 -8 -8 0 4 0 8 
-8 8 0 -4 0 -4 0 -4 8 -8 
0 -4 0 0 0 4 -8 4 0 -8 
0 4 0 -4 0 4 0 0 -8 -8 
0 0 0 4 0 0 0 -12 0 0 
0 -4 8 8 -8 0 0 -4 -8 0 
0 4 8 -4 0 4 -8 -4 0 -16 
0 0 8 -4 0 -4 -8 4 0 -8 
0 4 0 0 0 4 -8 -4 0 -8 
8 -4 0 4 0 0 0 -4 -8 -8 
0 4 8 0 0 -4 0 -8 -8 0 
8 8 0 -4 0 -4 0 -4 -8 -8 
