9 5 9 5 5 5 -3 -3 1 -3 
9 5 1 5 5 5 5 -3 -3 1 
9 5 1 -3 5 5 5 9 -3 -3 
9 5 1 -3 -3 9 5 5 5 -3 
9 5 1 1 -3 -3 5 5 5 5 
9 5 13 5 1 5 1 -3 -3 -3 
1 13 5 5 9 -3 5 -3 1 -3 
1 5 13 -3 9 5 -3 5 -3 1 
1 5 5 5 1 5 5 1 5 -3 
1 5 5 -3 9 1 5 5 -3 5 
1 5 5 1 1 5 -3 5 5 5 
1 9 5 -3 1 -3 5 -3 13 5 
9 -3 5 13 5 -3 1 5 1 -3 
1 5 5 5 5 5 1 -3 5 1 
1 -3 13 5 -3 5 9 1 -3 5 
1 -3 5 13 -3 1 9 5 -3 5 
1 -3 5 9 5 -3 1 5 13 -3 
1 1 5 5 -3 5 1 5 5 5 
1 5 -3 5 5 5 5 1 1 5 
1 -3 5 5 5 1 5 5 9 -3 
1 1 -3 5 13 -3 5 -3 9 5 
9 -3 -3 -3 5 13 5 1 5 1 
1 5 -3 -3 5 9 5 13 -3 1 
1 -3 5 1 5 5 5 5 5 1 
1 1 -3 5 5 13 -3 -3 5 9 
1 5 -3 1 -3 13 5 9 5 -3 
1 1 5 -3 5 5 5 1 5 5 
9 -3 -3 1 5 1 5 13 5 -3 
1 9 -3 5 -3 1 5 5 5 5 
9 1 5 1 -3 -3 -3 5 13 5 
13 5 1 5 9 5 1 -3 -3 -3 
5 5 9 5 1 5 5 -3 1 -3 
5 -3 9 13 1 -3 5 5 -3 1 
5 -3 1 5 9 9 -3 -3 5 5 
5 -3 1 9 1 5 5 -3 -3 13 
5 1 1 5 1 -3 5 5 5 5 
5 5 9 -3 5 5 1 5 1 -3 
-3 13 1 5 5 -3 9 -3 5 1 
-3 5 1 5 5 9 1 -3 5 5 
-3 5 1 1 13 -3 9 -3 5 5 
-3 9 1 -3 5 5 1 13 -3 5 
5 -3 9 5 -3 5 5 -3 1 9 
-3 5 9 -3 5 5 -3 9 1 5 
-3 -3 9 9 -3 5 5 5 1 5 
-3 1 9 -3 5 5 5 5 1 5 
5 -3 1 5 5 -3 5 9 5 1 
-3 5 1 5 -3 9 5 5 5 1 
-3 1 1 13 -3 5 5 5 -3 9 
5 -3 1 -3 5 9 5 9 5 -3 
-3 5 1 1 5 5 5 9 -3 5 
5 -3 1 1 5 9 5 -3 5 5 
-3 9 1 5 -3 9 -3 5 5 5 
5 1 9 1 -3 -3 5 5 -3 13 
13 5 -3 -3 1 5 9 5 1 -3 
5 5 5 -3 1 5 1 5 5 1 
5 -3 5 5 1 5 1 1 5 5 
5 -3 -3 1 9 13 1 -3 5 5 
5 1 -3 -3 1 13 9 5 5 -3 
5 5 5 -3 1 -3 5 5 1 9 
-3 13 -3 5 1 -3 5 1 9 5 
-3 5 5 -3 9 1 5 -3 9 5 
-3 5 -3 9 1 5 5 5 1 5 
5 -3 5 5 1 -3 -3 9 13 1 
-3 -3 13 1 1 5 5 5 -3 9 
-3 1 5 5 1 5 5 5 5 1 
5 -3 -3 5 9 1 5 1 5 5 
-3 5 -3 9 1 13 -3 1 5 5 
-3 1 5 5 9 -3 5 1 13 -3 
-3 9 -3 5 9 1 5 -3 5 5 
5 1 5 1 1 5 5 -3 5 5 
5 5 5 -3 -3 -3 1 9 1 13 
5 -3 5 5 -3 1 1 5 9 5 
5 1 -3 -3 5 5 9 13 1 -3 
5 5 5 -3 -3 -3 1 1 13 9 
-3 13 -3 5 -3 1 1 5 5 9 
-3 5 5 1 5 -3 9 -3 13 1 
-3 9 -3 5 -3 13 1 5 5 1 
5 -3 5 5 -3 1 9 1 -3 13 
-3 5 5 1 5 5 1 1 5 5 
-3 1 13 -3 5 5 1 9 -3 5 
5 -3 -3 9 13 1 1 -3 5 5 
5 1 5 1 5 5 1 5 5 -3 
5 5 5 -3 -3 1 -3 5 9 9 
5 -3 5 9 -3 -3 5 5 1 9 
5 1 -3 5 5 5 5 -3 1 9 
5 5 5 -3 -3 1 5 1 9 5 
-3 9 5 -3 13 -3 5 1 1 5 
5 -3 5 9 5 1 -3 5 9 -3 
-3 9 5 5 5 1 5 -3 9 -3 
5 1 5 9 5 -3 5 5 1 -3 
13 5 -3 -3 -3 1 5 9 5 1 
5 5 5 1 -3 5 5 1 5 1 
5 1 5 5 5 5 -3 1 5 1 
5 5 5 1 5 1 5 5 -3 1 
5 1 13 9 -3 5 5 -3 -3 1 
13 5 -3 1 5 9 5 1 -3 -3 
5 9 5 5 5 1 5 1 -3 -3 
5 9 13 1 5 5 -3 1 -3 -3 
