13 9 5 1 5 1 1 1 1 5 -7 -7 
13 9 5 1 -3 1 1 5 1 1 1 -7 
13 9 5 1 -3 -3 1 1 1 1 1 1 
5 9 13 1 9 1 5 1 -7 1 -7 -3 
5 9 5 9 1 1 5 1 1 -3 1 -7 
5 9 5 1 9 -7 5 5 1 1 -7 1 
5 9 5 1 1 5 -3 1 1 1 1 1 
5 9 5 5 1 -7 5 -7 1 1 9 1 
5 13 5 1 1 -7 -3 1 -7 9 1 9 
5 9 5 1 9 9 1 1 -3 -7 1 -3 
5 1 13 1 1 9 1 1 5 -3 -7 1 
5 1 5 9 1 1 1 5 5 1 -7 1 
5 1 5 1 9 5 -7 1 5 1 9 -7 
5 1 5 5 1 9 -7 -7 5 9 1 1 
5 5 5 1 1 1 1 -7 5 1 1 9 
5 9 -3 1 1 9 9 1 1 -3 -3 1 
5 1 5 1 1 1 9 5 1 1 5 -7 
5 1 -3 9 1 5 1 1 1 9 5 -7 
5 1 -3 5 9 1 1 -7 9 1 5 1 
5 5 -3 1 1 9 1 1 -7 1 5 9 
13 1 -3 -7 1 9 9 9 1 -3 1 -3 
5 1 5 -7 1 5 1 9 9 1 1 -3 
5 1 -3 5 1 1 1 9 1 1 1 5 
5 5 -3 -7 9 1 9 1 -7 1 1 13 
5 1 5 -3 -7 1 9 1 9 5 1 1 
5 5 -3 1 -7 9 1 1 1 5 1 9 
5 9 -3 -3 -7 1 1 5 9 9 1 1 
5 5 5 -7 1 -7 1 5 1 9 1 9 
13 1 -3 -3 1 -3 -7 1 9 9 9 1 
5 1 17 9 -3 9 5 -7 1 1 -7 -3 
5 1 9 9 5 1 5 1 -7 5 1 -7 
5 1 9 1 5 9 -3 5 1 -7 1 1 
5 1 9 5 -3 1 5 1 -7 1 9 1 
5 5 9 1 -3 1 -3 1 1 1 9 1 
5 9 9 1 13 1 1 1 -3 1 -3 -7 
-3 9 1 9 5 1 1 5 5 -7 1 1 
-3 9 1 1 13 -3 9 -7 5 1 1 1 
-3 9 1 5 5 1 1 1 -3 9 1 1 
5 1 9 1 5 9 1 1 1 -7 -3 5 
-3 1 9 1 5 5 1 1 1 9 -3 1 
-3 1 9 -3 13 1 -7 9 1 1 5 1 
5 1 1 1 5 1 9 1 1 5 1 -3 
-3 9 1 1 -3 9 1 5 9 1 1 -3 
-3 1 1 13 -3 1 1 9 1 1 1 5 
5 1 1 -7 5 1 1 13 9 5 1 -7 
-3 5 1 1 5 1 1 1 1 5 9 1 
5 1 1 -7 -3 5 9 5 9 1 1 1 
-3 9 1 -3 -3 9 -7 13 1 1 9 1 
5 1 1 -3 5 -3 1 1 1 9 1 9 
-3 13 1 1 -3 -3 1 -7 9 1 9 9 
13 1 1 9 9 1 -3 1 5 1 -3 -7 
5 1 9 9 1 1 5 1 -3 1 1 -3 
5 -7 9 17 1 -7 5 9 -3 -3 1 1 
5 -7 1 9 9 5 -3 1 5 1 1 1 
5 -7 1 13 1 1 5 1 -3 9 9 -7 
5 -3 1 9 1 -7 5 9 5 1 1 1 
5 1 9 1 1 9 5 -7 1 1 -3 5 
-3 9 1 9 1 1 5 1 1 -3 5 1 
-3 1 9 1 9 1 -3 5 9 -7 5 1 
-3 1 1 9 1 13 -3 -7 9 9 -3 1 
-3 1 1 5 9 1 5 -7 9 1 13 -7 
-3 5 1 1 1 9 -3 9 1 1 5 1 
-3 1 9 1 1 1 5 5 1 9 -7 5 
-3 -3 9 1 1 1 13 1 -7 9 1 5 
-3 1 1 9 -7 5 5 9 1 5 1 1 
5 -7 1 1 1 5 5 5 9 1 -7 9 
-3 1 1 5 1 1 5 5 1 1 9 1 
-3 -3 9 1 9 -7 -3 13 1 1 1 9 
5 -7 1 5 1 5 5 -7 1 9 9 1 
-3 5 1 9 -7 5 -3 1 1 9 1 9 
13 1 -7 1 9 9 1 -7 -3 1 5 5 
5 1 1 1 9 1 1 1 -3 5 -3 9 
5 -7 1 9 9 1 -7 5 5 1 5 1 
5 -3 -7 1 9 9 1 1 5 1 5 1 
5 1 1 1 1 1 9 1 -3 -3 9 5 
-3 9 -7 9 1 1 1 5 5 1 1 5 
-3 1 1 1 9 5 1 -7 13 1 9 -3 
-3 1 -7 13 1 9 1 1 -3 9 9 -3 
-3 1 1 1 9 -3 1 9 5 5 1 1 
-3 -7 9 5 1 1 9 1 -3 13 1 1 
-3 -3 1 9 1 1 9 1 5 -3 1 9 
5 -7 -7 9 9 -3 1 5 13 1 1 1 
-3 1 -7 13 1 9 -7 5 5 9 1 1 
5 -3 1 5 1 1 1 -7 5 9 9 1 
5 1 1 -7 1 9 1 5 1 1 5 5 
5 -7 1 1 1 13 1 -7 9 9 -3 5 
5 -7 -7 5 9 9 1 1 1 1 5 5 
5 1 1 -7 1 1 1 13 9 -3 5 1 
-3 9 -7 1 1 5 1 9 1 13 -3 1 
-3 1 1 -3 9 1 9 1 1 5 5 1 
-3 5 -7 1 1 17 1 9 -7 -3 5 9 
5 -7 1 1 1 5 1 5 9 9 5 -7 
-3 5 -7 9 1 13 -7 1 1 9 5 1 
5 -3 1 -3 9 9 -7 1 1 1 13 1 
-3 5 1 -7 9 1 9 5 1 1 1 5 
5 -7 1 5 1 5 1 1 9 9 1 -3 
-3 5 1 1 1 5 9 -7 9 1 1 5 
5 -3 1 5 1 1 9 1 -7 1 9 5 
5 -3 1 1 1 1 1 13 9 -3 1 1 
5 1 1 -3 1 -3 9 9 1 13 1 -7 
13 1 -7 -3 1 5 1 5 9 9 1 -7 
5 5 1 1 1 -3 1 5 9 1 1 1 
5 5 9 -3 1 1 -7 5 1 1 9 1 
13 5 1 5 1 -3 -7 -7 1 9 9 1 
9 1 5 9 13 1 -3 1 1 1 -7 -3 
9 1 -3 1 13 9 5 -3 -7 1 1 1 
9 1 -3 5 5 1 5 1 1 -7 1 9 
9 5 -3 1 5 1 -3 1 1 9 1 1 
9 1 13 9 -3 1 9 1 -3 1 -3 -7 
1 9 5 9 5 1 1 1 5 -7 1 -3 
1 1 13 1 5 9 1 -7 5 5 -7 1 
1 1 5 9 -3 9 9 -3 -3 1 1 1 
1 1 5 1 5 5 9 1 -3 -7 9 1 
1 1 5 5 -3 9 1 1 5 1 -7 9 
1 5 5 1 -3 1 9 -7 13 1 1 1 
1 1 5 9 5 1 1 1 1 5 -3 1 
1 -3 5 9 -3 1 1 9 1 1 5 1 
1 1 -3 9 5 1 1 5 1 9 1 -3 
1 -3 -3 9 13 -7 1 1 9 1 1 5 
1 1 -3 1 5 5 1 9 1 5 1 1 
1 -7 5 5 5 1 1 1 9 5 -7 9 
9 -7 -3 1 -3 5 17 5 -7 1 9 1 
1 1 -3 5 -3 9 1 5 1 1 1 9 
1 -3 5 1 5 1 1 -3 1 9 9 1 
1 5 -3 9 -3 -3 1 1 1 1 9 9 
9 -3 5 5 -3 -7 -7 1 9 1 1 17 
9 9 5 1 1 1 5 1 5 1 -3 -7 
1 9 13 -7 9 1 -3 9 -3 1 1 -3 
1 1 13 1 1 9 -3 1 5 -3 1 1 
1 1 5 1 9 1 5 5 -3 1 -7 9 
1 1 5 -3 1 9 5 1 5 1 1 1 
1 5 5 -7 1 1 5 9 5 9 -7 1 
1 9 5 1 9 -7 5 1 1 1 -3 5 
-7 9 5 1 9 -7 13 -3 1 1 5 1 
-7 9 -3 9 1 5 5 1 1 1 5 1 
-7 13 -3 1 1 1 5 9 1 9 -3 1 
1 1 5 1 9 1 -3 1 1 5 9 -3 
-7 1 13 -7 9 5 -3 9 1 1 1 5 
-7 1 5 5 9 -7 5 9 1 1 1 5 
1 1 -3 1 9 1 5 -3 9 5 1 1 
-7 9 -3 1 1 13 -3 9 1 -3 9 1 
-7 5 -3 9 1 9 -3 1 1 13 1 1 
1 1 -3 -7 9 5 13 5 -7 1 1 9 
-7 9 -3 -3 9 1 13 -3 1 1 1 9 
1 1 -3 -3 9 5 5 1 1 -7 9 9 
1 5 5 -3 1 -7 5 1 1 9 1 9 
9 1 5 1 1 1 1 1 -3 1 5 5 
1 -7 5 9 1 5 1 1 -3 9 13 -7 
1 -7 5 5 1 9 1 -7 13 9 -3 1 
1 -3 5 1 -7 9 9 1 5 9 -3 1 
-7 9 5 1 1 1 1 5 -3 9 1 5 
-7 1 5 5 1 9 -7 9 5 1 1 5 
-7 5 5 -7 9 1 9 1 5 1 1 5 
1 -7 5 1 1 5 9 5 -3 1 9 1 
1 -7 5 -3 9 13 -7 1 5 1 9 1 
-7 5 5 1 1 5 1 1 5 1 9 1 
9 1 -3 1 1 1 1 1 1 -3 5 13 
1 1 5 1 1 -7 9 5 -7 9 5 5 
1 -7 5 9 1 -3 1 9 1 1 5 5 
1 -3 -3 1 9 1 9 9 -7 1 -3 13 
1 1 5 1 -7 1 9 -3 9 5 5 1 
-7 1 5 5 1 1 9 -7 17 -3 -3 9 
-7 1 5 5 1 1 9 -3 9 1 5 1 
-7 -3 13 1 1 1 9 5 -7 9 5 1 
1 -7 -3 13 9 -3 1 1 9 1 5 1 
1 -3 5 5 1 1 1 1 9 1 -3 9 
9 1 -3 -7 1 1 1 5 9 13 1 -3 
1 -7 5 5 1 1 1 9 9 -3 1 5 
1 -3 -3 1 9 9 1 1 1 5 1 5 
1 1 5 -7 1 -3 9 13 1 9 1 -3 
-7 9 -3 5 1 1 1 13 1 9 -7 5 
-7 5 5 1 9 -3 1 9 1 1 1 5 
1 -3 5 5 9 -7 1 9 1 1 -7 13 
1 -3 5 1 1 9 1 -3 9 13 -7 1 
1 1 5 -3 1 5 1 9 9 -3 1 1 
9 1 -3 -3 1 5 9 5 1 1 1 1 
1 5 5 1 1 -3 9 5 -7 9 1 1 
1 5 13 -3 1 1 1 -3 1 9 -7 9 
9 5 5 5 1 -3 -7 1 1 1 1 9 
9 9 1 1 -3 1 5 1 5 1 1 -3 
9 1 1 1 5 1 5 1 -3 5 1 1 
9 1 -7 -3 -3 9 13 9 -3 1 1 1 
9 1 9 1 -3 1 -3 1 9 1 -3 5 
1 9 1 1 5 1 -3 1 1 5 5 1 
1 1 1 1 -3 13 5 1 1 1 -3 9 
1 1 1 -3 5 1 5 9 9 -7 5 1 
1 5 1 -7 -3 9 -3 17 9 1 5 -7 
1 1 1 1 5 9 -3 -3 1 9 1 5 
1 -7 1 13 -3 1 5 9 1 1 1 5 
1 -3 1 1 5 1 5 1 9 9 1 -3 
1 1 -7 1 5 13 5 1 -7 5 1 9 
1 -7 1 5 5 1 13 1 -7 5 9 1 
1 -3 1 -7 13 9 -3 5 1 1 9 1 
1 5 -7 1 -3 13 5 1 1 1 1 9 
9 -3 1 -3 -3 1 5 9 1 1 9 1 
9 9 1 1 -3 -7 1 1 5 1 5 5 
1 1 9 1 -3 1 1 5 -3 1 13 1 
1 1 1 1 5 -3 9 1 -3 9 5 1 
1 1 1 -3 5 1 1 9 5 9 -3 1 
1 9 1 1 5 -7 1 -7 5 5 9 5 
-7 17 -7 9 -3 1 1 -3 5 1 9 5 
1 1 1 1 5 1 1 -3 5 5 1 9 
-7 5 1 1 5 1 9 -7 13 5 1 1 
1 1 -7 -3 13 5 9 1 -3 1 1 9 
1 5 1 -3 -3 1 9 1 13 1 1 1 
9 1 1 1 5 -7 -7 1 1 5 5 13 
1 1 9 1 -3 1 -7 5 1 1 13 5 
1 -7 9 9 -3 -3 1 1 9 1 -3 13 
1 -3 1 1 5 1 1 9 9 -7 5 5 
1 1 9 -7 5 1 -7 5 1 5 13 1 
-7 5 1 1 5 9 -7 9 1 5 5 1 
1 -7 1 5 13 -3 1 9 1 1 -3 9 
-7 5 1 9 -3 5 1 9 1 1 5 1 
1 1 1 1 5 -3 1 1 9 5 1 5 
1 -7 1 13 5 -7 1 9 1 5 1 5 
1 1 1 1 -3 5 9 -3 9 1 1 5 
-7 5 1 1 13 1 1 -3 9 1 9 -3 
9 1 -7 -7 5 5 9 5 1 5 1 1 
1 1 1 -3 5 9 1 5 1 5 1 1 
-7 13 -7 9 5 5 1 1 1 5 1 1 
1 -3 9 5 5 1 1 1 1 5 1 1 
1 5 1 1 5 5 9 -3 1 -7 9 1 
9 5 1 5 5 -3 1 1 1 -7 1 9 
9 1 1 1 1 -7 -3 5 5 1 5 9 
9 1 -7 1 1 5 -3 1 5 9 5 1 
9 1 -7 -3 1 1 5 1 13 9 5 -7 
1 9 1 1 1 -7 -3 5 -3 9 1 13 
1 1 9 -7 1 5 -3 1 5 1 9 5 
1 1 1 5 -7 1 5 9 -3 9 9 -3 
1 5 1 -7 1 -7 13 9 5 9 1 -3 
1 1 1 1 1 5 -3 9 -3 -3 9 9 
1 -3 1 9 -7 1 5 9 5 5 1 1 
1 1 -7 5 1 9 5 5 -3 1 1 9 
1 -3 1 1 9 -7 5 13 5 1 -7 9 
1 5 -7 1 1 5 5 9 5 1 1 1 
1 1 1 5 1 -7 5 1 9 1 5 5 
1 5 1 -7 1 1 5 9 1 9 -3 5 
1 9 1 1 1 -7 -3 -3 9 -3 13 9 
1 1 1 1 1 5 5 -3 1 1 5 9 
-7 5 9 -7 9 1 -3 13 1 1 5 1 
1 1 -7 5 9 5 5 -7 9 1 5 1 
1 5 1 -3 1 1 5 9 9 1 5 -7 
9 1 1 1 1 -7 -3 -3 1 13 9 5 
1 1 9 1 -7 5 -3 1 1 5 9 5 
1 -3 1 9 1 1 5 1 -7 13 9 -3 
1 1 9 -7 1 5 5 -3 1 9 -7 13 
-7 9 1 5 1 1 5 5 -7 9 1 5 
1 -7 9 5 1 5 5 1 1 1 1 5 
-7 5 9 1 1 5 5 1 1 9 -7 5 
9 1 -7 1 1 5 5 5 1 -3 1 9 
1 1 1 5 1 1 13 -3 1 -3 9 1 
1 -3 1 9 9 1 -3 5 1 5 1 1 
1 1 1 5 1 5 13 1 -7 -3 9 1 
1 5 1 1 9 5 5 5 -7 1 -7 9 
1 5 9 -3 9 1 5 5 -7 1 1 1 
9 5 1 5 1 5 5 1 -7 1 1 1 
9 1 1 1 1 -3 -7 -7 5 9 13 5 
9 1 -7 5 1 1 -7 1 5 9 5 5 
9 5 -7 -7 1 1 9 1 5 1 5 5 
1 9 1 1 1 -3 -7 1 -3 13 5 9 
1 1 9 -3 1 1 1 -7 5 13 -3 9 
1 5 1 1 -7 9 1 1 5 5 -3 9 
9 -7 1 9 1 -3 1 -3 -3 9 13 1 
1 1 1 5 1 9 -7 -3 5 9 5 1 
1 -3 9 1 1 1 1 5 5 1 5 1 
1 5 -7 9 1 5 1 1 5 9 5 -7 
9 -3 1 -3 1 9 1 1 13 9 -3 -7 
1 9 9 -7 1 -3 -7 1 5 -3 17 5 
1 1 9 5 -7 1 1 1 -3 5 9 5 
1 5 1 1 1 1 9 -7 5 -3 9 5 
1 9 1 1 1 -3 1 -3 5 1 9 5 
-7 13 1 1 9 -7 9 -3 5 1 1 5 
1 1 1 5 9 5 -7 1 5 1 9 -3 
1 5 1 5 1 1 9 1 5 1 1 -3 
9 1 1 1 1 -3 1 5 5 -3 1 9 
1 -3 9 9 1 1 1 -3 13 -3 -7 9 
1 1 9 -3 9 5 1 1 -3 5 1 1 
-7 13 1 9 1 5 1 1 5 -3 1 1 
9 1 -7 5 9 13 1 -3 -3 1 1 1 
1 5 1 9 9 -3 9 -3 5 -7 1 1 
1 5 9 5 1 9 1 -3 5 1 -7 1 
9 5 1 5 9 5 1 -7 5 1 1 -7 
9 1 1 5 1 -7 1 1 1 -3 5 13 
9 1 9 1 -7 -3 1 -3 1 9 5 5 
1 9 1 5 1 1 -7 5 1 1 5 5 
1 5 9 -7 9 1 1 5 -7 1 5 5 
1 5 1 9 1 5 1 1 1 1 -3 5 
9 -3 1 5 9 1 1 9 1 -7 -3 5 
9 9 1 1 -7 -3 1 5 1 5 5 1 
1 9 9 -3 1 1 1 -3 9 -3 5 1 
1 5 9 1 1 9 -7 5 1 -3 5 1 
1 9 1 5 9 -3 1 1 1 5 -3 1 
1 5 9 5 1 9 1 1 1 -3 -3 1 
9 1 1 5 9 5 1 -3 1 1 5 -7 
1 5 9 9 1 5 1 5 -7 1 5 -7 
9 5 1 13 9 5 -7 1 1 1 -3 -7 
9 9 1 5 -7 1 1 5 1 5 1 -3 
9 5 1 1 9 1 1 -3 1 5 1 -3 
9 1 9 5 1 -3 1 9 1 -3 1 -3 
1 13 1 9 1 5 1 1 1 -3 1 -3 
9 -3 9 13 1 1 9 1 -7 -3 1 -3 
9 9 1 5 1 5 1 5 1 1 -7 -3 
1 13 9 1 9 -3 9 -3 1 1 -7 -3 
1 13 9 5 9 1 1 5 -7 1 -7 -3 
17 9 1 -3 1 5 9 5 1 -3 -7 -7 
