6 2 6 6 -2 -6 6 -6 -10 -6 -2 -2 -10 
6 6 -2 10 -2 2 -10 -6 -10 2 -2 -2 -10 
6 10 -2 -2 -2 2 -2 -2 -10 -10 -2 -2 6 
6 6 6 -6 6 -6 -10 -2 -10 -2 -2 -2 6 
14 2 -2 -2 -2 -2 -2 -6 -10 -10 -2 6 6 
6 2 6 2 -2 2 -2 2 -2 -2 -10 -10 -10 
-2 2 14 -2 -2 2 -2 -2 -10 6 -10 -10 6 
-2 6 6 2 -2 2 -2 -10 -2 -2 -2 -10 6 
6 2 -2 2 -2 -2 6 2 -10 -6 -2 -2 -10 
-2 6 6 2 -2 -6 -2 -6 -2 -6 -2 6 -10 
6 2 -2 -2 6 -2 -10 -2 -10 2 -2 -2 6 
-2 14 -2 2 -2 -10 -2 -10 -2 -6 6 -2 6 
6 2 6 2 -2 2 -2 2 -2 -2 -10 -10 -10 
6 -2 -2 2 6 2 -2 -2 -2 -10 -10 -2 6 
6 2 6 -6 -2 2 -2 2 6 -6 -2 -6 -26 
-2 10 -2 2 -2 -2 -2 6 -2 2 -10 -6 -10 
-2 2 6 -2 6 -6 -2 -2 6 -6 -10 2 -10 
-2 6 -2 2 -2 10 -10 -2 -2 -6 -2 2 -10 
6 -6 6 2 -10 -2 6 2 -2 -2 -2 -6 -10 
-2 2 6 -2 -2 2 -10 2 6 -10 -2 2 -10 
-2 6 -2 10 -10 -2 -10 -2 -2 -2 -2 2 6 
6 -6 -2 6 -2 -6 -2 6 -2 2 -2 -6 -10 
-2 6 -2 -6 6 -6 -2 -6 -2 6 -2 2 -10 
-2 6 -2 2 -2 -10 -2 -10 6 -2 -2 2 6 
6 2 -2 -10 -10 2 -2 2 6 2 -2 -2 -10 
6 -2 -2 -6 -2 2 -10 -6 6 2 6 -2 -10 
6 2 -2 -10 -2 -10 -2 6 -2 2 -2 -2 6 
-2 14 -10 2 -10 -2 -10 -2 -2 2 6 -2 6 
14 2 -10 -10 -10 -2 -2 2 -2 -2 -2 6 6 
6 2 -2 6 6 6 -2 -14 -2 2 -2 -14 -10 
6 6 -2 2 -2 6 -2 2 -10 2 -10 -6 -10 
-2 2 6 6 -2 6 -2 -6 -2 -6 -2 -6 -10 
-2 6 6 -6 6 -2 6 -6 -2 -6 -10 2 -10 
-2 2 6 2 -2 10 -10 2 -2 -2 -10 -2 -10 
6 -6 -2 2 6 2 -2 -2 -2 -6 -2 -2 -10 
-2 2 -2 6 -2 6 -2 -10 -2 2 -2 -10 6 
-2 -2 6 2 6 -10 -2 -2 -2 2 -10 -2 6 
-2 6 -2 2 -2 2 -10 -6 -2 2 -2 6 -10 
-2 2 6 2 -2 10 -10 2 -2 -2 -10 -2 -10 
-2 2 -2 6 6 -2 -2 2 -2 -10 -2 -10 6 
-2 10 -2 2 -2 -2 -2 6 -2 2 -10 -6 -10 
-10 10 -2 6 -2 -2 6 -6 -2 2 -10 2 -10 
-2 2 -2 2 -2 2 -2 6 -10 6 -2 -6 -10 
-2 2 -10 6 6 2 -10 -6 -2 6 -2 2 -10 
-2 6 -2 -2 -2 -2 -10 2 -10 6 -2 2 6 
-2 -2 -2 2 -2 6 -2 2 -10 2 -2 2 -10 
-2 2 6 -14 -2 2 -2 6 6 -2 -2 -6 -10 
-10 6 6 -6 -2 2 -10 2 -2 -2 -2 10 -10 
-2 -2 6 -2 -2 -10 -2 2 -10 -2 6 2 6 
-2 2 -2 -2 -10 -2 6 -2 6 2 -2 -10 6 
-2 -2 -2 2 -2 -2 -10 6 -2 10 -10 -2 6 
-2 2 -2 -2 -10 2 -2 2 -2 2 -2 6 -10 
6 2 -10 -10 -2 2 -2 -2 -2 -2 6 -2 6 
-2 6 -2 -6 -2 -6 -10 6 -10 6 -2 6 6 
6 2 -2 2 -2 -2 6 2 -10 -6 -2 -2 -10 
6 -6 -2 2 6 2 -2 -2 -2 -6 -2 -2 -10 
6 -6 -10 6 6 6 -2 -2 -2 -6 -10 -2 6 
6 -6 6 2 -10 -2 6 2 -2 -2 -2 -6 -10 
-2 2 -2 2 -2 2 -2 6 -10 6 -2 -6 -10 
-2 -2 -2 2 -10 14 6 -2 -10 -2 -10 2 6 
-2 -6 -2 6 -2 6 -2 -6 -2 2 6 -6 -10 
-2 -2 -10 10 -2 2 -2 -2 -10 2 6 2 -10 
6 -10 -2 -2 -2 6 -2 -10 -2 2 -2 2 6 
-2 2 6 -14 -2 2 -2 6 6 -2 -2 -6 -10 
-2 -2 -2 -6 -2 6 14 -10 -2 -2 -10 2 6 
-2 2 -2 -6 -2 -6 6 2 6 2 -2 2 -26 
-2 -6 -2 -2 6 2 -10 -2 6 2 -2 2 -10 
-2 -2 -2 -2 -2 -2 6 -10 -2 2 -10 10 6 
-2 -6 6 -10 -2 2 -2 -2 -2 14 -2 -10 6 
-10 6 -2 2 -10 2 -2 -2 -2 6 -2 -2 6 
-2 -2 -2 2 -2 -14 6 -6 -2 2 6 6 -10 
6 -6 -10 -2 -2 -2 6 6 6 -6 -10 -2 6 
-2 2 -10 -2 -2 -2 -2 10 6 -2 -2 -10 6 
-2 -2 -10 2 -2 2 -2 6 -2 -2 -10 6 6 
-2 -2 -2 -6 -10 6 -2 10 -2 2 -2 2 -10 
-2 2 -10 -2 -2 -6 -2 6 6 10 -10 2 -10 
-2 -2 -2 -2 -10 6 -2 -2 -2 2 -10 10 6 
6 -6 -10 -2 -2 -6 -2 2 6 6 6 -6 -10 
-2 -2 -2 2 -10 -6 -2 10 -10 6 6 2 -10 
-2 -2 6 -10 -2 -2 -10 2 -2 -2 6 2 6 
-2 6 -10 -6 -10 2 -2 6 6 2 -2 2 -10 
6 -10 -2 -2 -10 -2 6 -2 -2 2 -2 2 6 
-2 6 -2 -14 -2 -14 6 2 6 6 -2 2 -10 
-2 6 -2 -10 -2 -10 -2 2 -2 6 -2 2 6 
6 2 -2 6 6 6 -2 -14 -2 2 -2 -14 -10 
6 2 -2 2 6 2 -2 -6 -2 2 -2 -6 -26 
6 6 -2 -2 -2 2 -2 2 6 -6 -2 -14 -10 
-2 2 6 6 -2 6 -2 -6 -2 -6 -2 -6 -10 
-2 6 -2 6 -2 -6 6 2 -2 -6 -2 -6 -10 
-2 2 -2 6 6 -2 -2 2 -2 -10 -2 -10 6 
-2 -2 -2 14 -2 -6 -2 2 6 -10 -2 -10 6 
6 -6 -10 6 6 6 -2 -2 -2 -6 -10 -2 6 
6 -2 -2 2 -10 -6 -2 2 -2 2 6 -2 -10 
6 2 6 6 -2 -6 6 -6 -10 -6 -2 -2 -10 
-2 2 14 -2 -2 2 -2 -2 -10 6 -10 -10 6 
-2 -2 6 -2 -2 2 6 2 -10 -2 -2 -10 6 
-2 2 6 -2 6 -6 -2 -2 6 -6 -10 2 -10 
-10 10 -2 6 -2 -2 6 -6 -2 2 -10 2 -10 
-10 6 -2 6 -2 2 -2 2 -2 -6 -2 2 -10 
-10 2 6 -6 6 2 -2 -2 -2 -2 -2 2 -10 
-2 -6 -2 2 6 -2 6 -14 -2 6 -2 2 -10 
-10 6 -2 6 -10 6 -2 -6 -2 6 -2 -6 6 
-2 -2 6 -6 -2 -6 -2 2 -2 -2 6 2 -10 
6 -6 -2 6 -2 -6 -2 6 -2 2 -2 -6 -10 
-10 -2 6 6 -10 -2 6 -6 -2 -2 6 -6 6 
6 -6 -10 -2 -2 -2 6 6 6 -6 -10 -2 6 
-2 -6 -2 2 -2 -6 6 6 -2 -6 -2 6 -10 
-2 -2 -2 -2 -2 -2 -2 -2 -2 -2 -2 -2 22 
-2 -2 6 -6 -2 -6 -10 6 -10 -2 6 6 6 
6 10 -2 -2 -2 2 -2 -2 -10 -10 -2 -2 6 
-2 2 -2 6 -2 6 -2 -10 -2 2 -2 -10 6 
-2 2 6 -2 -2 2 -10 2 6 -10 -2 2 -10 
-10 2 6 -6 6 2 -2 -2 -2 -2 -2 2 -10 
-2 -6 -2 6 -2 6 -2 -6 -2 2 6 -6 -10 
-2 2 -10 -2 -2 -2 -2 10 6 -2 -2 -10 6 
-10 -2 -2 6 -2 2 -10 2 14 -10 -2 -2 6 
-10 -2 6 2 -10 2 -2 -2 -2 -2 6 -2 6 
-2 6 -10 2 -2 -2 -10 -10 -2 2 14 -2 6 
6 2 -2 -10 -10 2 -2 2 6 2 -2 -2 -10 
-2 2 -2 -2 -10 -2 6 -2 6 2 -2 -10 6 
-2 -6 -2 2 -2 -6 6 6 -2 -6 -2 6 -10 
-10 -2 6 -10 -2 10 -2 2 -2 -2 -2 -2 6 
-2 -10 -2 2 -2 2 -2 6 -2 -10 -2 6 6 
-2 -6 -2 -6 -2 6 -2 -6 6 6 -2 2 -10 
-10 -2 6 -2 -10 6 -2 -6 6 -2 6 -6 6 
-2 -2 -2 2 -2 -2 -10 -10 6 -2 6 2 6 
-2 -2 -10 -2 -2 2 -2 2 6 2 6 -6 -10 
-10 6 -2 -2 -10 -2 6 -6 6 6 -2 -6 6 
-2 -2 -2 10 -10 -10 -2 -2 -2 -2 6 2 6 
-2 6 -2 2 -10 -10 -2 -2 -2 -6 14 -2 6 
14 2 -2 -2 -2 -2 -2 -6 -10 -10 -2 6 6 
6 2 -2 -2 6 -2 -10 -2 -10 2 -2 -2 6 
-2 2 -10 6 6 2 -10 -6 -2 6 -2 2 -10 
-2 -6 -2 2 6 -2 6 -14 -2 6 -2 2 -10 
-2 -2 -10 6 -2 6 -2 2 -2 -2 -10 2 6 
-2 -10 -2 -2 14 -2 -10 6 -2 2 -2 -6 6 
-2 -10 -2 6 -2 -2 6 2 -2 -10 -2 2 6 
-2 -6 -2 -2 6 2 -10 -2 6 2 -2 2 -10 
-10 -2 -2 -2 14 -10 -2 6 -2 2 -10 2 6 
-10 -2 -2 -2 6 2 -2 -6 6 -6 6 2 -10 
-2 -10 -2 2 -2 -2 6 2 -10 2 6 2 -10 
-10 -2 -10 14 -2 2 -10 2 6 -2 -2 -2 6 
-2 -10 -2 2 6 -2 -10 -2 -2 10 -2 -2 6 
6 2 -2 -10 -2 -10 -2 6 -2 2 -2 -2 6 
-2 2 -2 -2 -10 2 -2 2 -2 2 -2 6 -10 
-2 -6 6 -10 -2 2 -2 -2 -2 14 -2 -10 6 
-10 -2 -2 -2 -2 10 -2 2 -10 6 -2 -2 6 
-2 2 -10 -2 -2 -6 -2 6 6 10 -10 2 -10 
-10 -2 -2 -2 6 -2 -10 14 -2 2 -10 2 6 
-10 -2 -2 2 -2 -2 6 2 -10 2 -2 10 -10 
-2 -10 -2 -2 6 -10 -2 14 -2 2 -2 -6 6 
-10 -2 -2 6 -10 2 -2 10 -2 -6 6 2 -10 
-2 -6 -2 -6 -2 2 -2 6 -2 6 6 -6 -10 
-2 -10 6 2 -2 -10 -2 6 -2 2 -2 -2 6 
6 -2 -2 -6 6 -6 -10 -2 -10 6 6 -2 6 
14 2 -10 -10 -10 -2 -2 2 -2 -2 -2 6 6 
6 2 -10 -10 -2 2 -2 -2 -2 -2 6 -2 6 
6 -6 -10 -2 -2 -6 -2 2 6 6 6 -6 -10 
-2 -6 -2 -6 -2 6 -2 -6 6 6 -2 2 -10 
-2 -10 -2 -2 -2 6 -2 2 6 -10 -2 2 6 
-2 -10 -2 -6 -2 14 6 -10 -2 -2 -2 2 6 
-2 -2 -10 -2 -2 -2 6 2 6 -2 -10 2 6 
-2 -6 -2 -6 -2 2 -2 6 -2 6 6 -6 -10 
-2 -10 -2 2 -10 6 14 -2 -10 -2 -2 2 6 
-2 -2 -10 2 6 2 -2 -10 -2 2 6 2 -10 
-2 -2 -10 6 -2 -6 -2 2 14 -2 -2 -10 6 
-2 -2 -2 2 -2 2 -2 -10 -2 6 6 -10 6 
-2 -2 -2 -10 -2 2 6 2 -2 6 -2 -10 6 
6 -10 -10 2 6 2 -2 -2 -2 -2 -2 -2 6 
-2 6 -10 2 -2 2 -2 -2 -2 2 -2 2 -10 
6 -2 -2 2 -10 -6 6 6 -2 -6 6 -6 -10 
6 6 -2 -6 -2 -6 -2 2 -2 6 -2 -6 -10 
6 6 -2 2 -2 6 -2 2 -10 2 -10 -6 -10 
6 6 -2 -2 -2 2 -2 2 6 -6 -2 -14 -10 
-2 6 6 -6 6 -2 6 -6 -2 -6 -10 2 -10 
-2 6 -2 6 -2 -6 6 2 -2 -6 -2 -6 -10 
6 -2 -2 2 6 2 -2 -2 -2 -10 -10 -2 6 
-2 -2 6 -2 -2 2 6 2 -10 -2 -2 -10 6 
-2 2 -2 2 -2 2 -2 2 -2 6 -10 -2 -10 
-2 10 -10 -6 -2 -2 6 2 -2 2 -10 6 -10 
6 6 -2 10 -2 2 -10 -6 -10 2 -2 -2 -10 
-2 6 6 2 -2 2 -2 -10 -2 -2 -2 -10 6 
-2 -2 -2 14 -2 -6 -2 2 6 -10 -2 -10 6 
-2 2 -2 2 -2 2 -2 2 -2 6 -10 -2 -10 
-2 6 -2 2 -2 10 -10 -2 -2 -6 -2 2 -10 
-10 6 -2 6 -2 2 -2 2 -2 -6 -2 2 -10 
-2 -2 -2 2 -10 14 6 -2 -10 -2 -10 2 6 
-2 -2 -10 6 -2 6 -2 2 -2 -2 -10 2 6 
-2 2 -2 -2 -10 2 -10 10 6 -2 -2 2 -10 
-2 -2 -2 2 -2 6 -2 2 -10 2 -2 2 -10 
-2 -2 -2 -6 -2 6 14 -10 -2 -2 -10 2 6 
-2 -10 -2 6 -2 -2 6 2 -2 -10 -2 2 6 
-2 -6 -10 2 6 10 -10 -2 -2 2 -2 6 -10 
-2 -6 -2 6 -10 2 -2 2 -10 2 6 6 -10 
-2 2 -2 -10 -2 2 -2 -2 -2 -10 6 6 6 
6 2 -10 -2 -10 -2 -2 2 -10 -2 -2 14 6 
6 6 6 -6 6 -6 -10 -2 -10 -2 -2 -2 6 
-2 6 6 2 -2 -6 -2 -6 -2 -6 -2 6 -10 
-2 -2 6 2 6 -10 -2 -2 -2 2 -10 -2 6 
-2 -10 -2 -2 14 -2 -10 6 -2 2 -2 -6 6 
-10 2 -2 2 -2 -2 -2 6 -2 2 -2 2 -10 
-2 6 -2 -6 6 -6 -2 -6 -2 6 -2 2 -10 
-10 -2 -2 -2 14 -10 -2 6 -2 2 -10 2 6 
-10 -2 6 -10 -2 10 -2 2 -2 -2 -2 -2 6 
-10 -6 6 -6 6 2 -2 -6 6 -2 -2 6 -10 
-10 -6 14 -10 -2 2 -2 -2 -2 6 -2 -2 6 
-2 2 -2 -10 6 -10 -2 -2 -2 2 -2 6 6 
6 -2 -2 -6 -2 2 -10 -6 6 2 6 -2 -10 
-2 -2 -2 2 -2 -2 -10 6 -2 10 -10 -2 6 
-2 -6 -10 2 6 10 -10 -2 -2 2 -2 6 -10 
-10 -2 -2 6 -2 2 -10 2 14 -10 -2 -2 6 
-10 -6 6 -6 6 2 -2 -6 6 -2 -2 6 -10 
-2 -2 -2 -6 -10 6 -2 10 -2 2 -2 2 -10 
-10 -2 -2 -2 6 -2 -10 14 -2 2 -10 2 6 
-2 -10 -2 -2 -2 6 -2 2 6 -10 -2 2 6 
-10 -6 6 2 -10 6 -2 2 -2 -2 -2 10 -10 
-2 -2 -10 -2 -2 2 -2 2 6 2 6 -6 -10 
-2 -10 -2 -2 6 -10 -2 14 -2 2 -2 -6 6 
-10 2 -10 2 6 -2 -2 -2 -2 10 -2 2 -10 
-2 -14 -2 6 6 -6 -2 -2 -2 2 6 2 -10 
-2 -2 -10 -2 -2 -2 6 2 6 -2 -10 2 6 
-2 2 -10 -6 -2 6 -2 2 -2 2 -2 6 -10 
-2 2 -2 -2 -2 -2 -10 6 -10 2 -2 6 6 
6 2 -2 -10 -2 -2 -2 -6 -2 -10 -2 14 6 
-2 14 -2 2 -2 -10 -2 -10 -2 -6 6 -2 6 
-2 6 -2 2 -2 2 -10 -6 -2 2 -2 6 -10 
-2 10 -10 -6 -2 -2 6 2 -2 2 -10 6 -10 
-2 6 -2 10 -10 -2 -10 -2 -2 -2 -2 2 6 
-10 6 -2 6 -10 6 -2 -6 -2 6 -2 -6 6 
-2 -2 -10 10 -2 2 -2 -2 -10 2 6 2 -10 
-10 2 -2 2 -2 -2 -2 6 -2 2 -2 2 -10 
-2 2 -10 -2 -10 6 -2 2 6 10 -2 -6 -10 
-2 6 -2 2 -2 -10 -2 -10 6 -2 -2 2 6 
-10 6 6 -6 -2 2 -10 2 -2 -2 -2 10 -10 
-10 -2 6 6 -10 -2 6 -6 -2 -2 6 -6 6 
-10 -2 -2 -2 6 2 -2 -6 6 -6 6 2 -10 
-2 -2 -10 2 -2 2 -2 6 -2 -2 -10 6 6 
-10 -2 -2 -2 -2 10 -2 2 -10 6 -2 -2 6 
-10 2 -2 -2 -2 -2 6 -10 6 2 -2 -2 6 
-2 2 -10 -2 -2 2 -2 -6 -2 10 -2 6 -10 
-2 14 -10 2 -10 -2 -10 -2 -2 2 6 -2 6 
-10 6 -2 2 -10 2 -2 -2 -2 6 -2 -2 6 
-10 -2 -10 14 -2 2 -10 2 6 -2 -2 -2 6 
-10 2 -10 6 -2 -2 -2 10 -2 -2 -2 -2 6 
-2 6 -10 -6 -10 2 -2 6 6 2 -2 2 -10 
-10 2 -10 2 6 -2 -2 -2 -2 10 -2 2 -10 
-10 -2 -2 6 -10 2 -2 10 -2 -6 6 2 -10 
-10 2 -2 6 -2 -6 -2 2 -2 -2 -2 10 -10 
-10 2 -2 6 -10 6 -2 -2 -2 2 -2 -2 6 
-2 10 -10 -2 -2 2 -2 -2 -10 -2 -2 6 6 
-2 6 -2 -6 -2 -6 -10 6 -10 6 -2 6 6 
-2 -2 -2 -2 -2 -2 -2 -2 -2 -2 -2 -2 22 
-2 -2 -2 2 -2 -14 6 -6 -2 2 6 6 -10 
-2 -6 -10 -2 6 -2 6 -2 6 -6 -10 6 6 
-2 -2 -2 2 -10 -6 -2 10 -10 6 6 2 -10 
-10 -2 6 -2 -10 6 -2 -6 6 -2 6 -6 6 
-10 -6 6 2 -10 6 -2 2 -2 -2 -2 10 -10 
-2 6 -2 -14 -2 -14 6 2 6 6 -2 2 -10 
-10 6 -2 -2 -10 -2 6 -6 6 6 -2 -6 6 
-2 -2 -2 -10 -2 2 6 2 -2 6 -2 -10 6 
-10 2 -2 2 -2 -6 6 2 -2 6 -10 6 -10 
-10 2 6 -2 -2 2 -2 -2 -10 14 -10 -2 6 
-2 2 -10 -6 -2 6 -2 2 -2 2 -2 6 -10 
-2 -6 -10 6 -2 6 -2 6 -2 -6 -10 6 6 
-2 -2 -10 6 -2 -6 -2 2 14 -2 -2 -10 6 
-10 2 -2 2 -2 -6 6 2 -2 6 -10 6 -10 
-10 2 -2 -2 6 -2 -2 2 6 -10 -2 -2 6 
-2 2 -2 6 -2 2 -10 2 -2 -2 -2 2 -10 
-2 2 -2 -2 -2 -2 6 -6 6 2 -2 -6 -10 
-2 2 -2 6 -2 -6 -2 6 -2 2 -10 2 -10 
6 10 -2 -2 -10 2 -2 2 -2 2 -10 -2 -10 
6 -2 -2 2 -10 -6 -2 2 -2 2 6 -2 -10 
-2 6 -2 -2 -2 -2 -10 2 -10 6 -2 2 6 
-2 -2 6 -6 -2 -6 -2 2 -2 -2 6 2 -10 
-2 2 -2 -2 -10 2 -10 10 6 -2 -2 2 -10 
6 -10 -2 -2 -2 6 -2 -10 -2 2 -2 2 6 
-2 2 -10 -2 -10 6 -2 2 6 10 -2 -6 -10 
-2 -2 6 -2 -2 -10 -2 2 -10 -2 6 2 6 
-2 -2 -2 -2 -2 -2 6 -10 -2 2 -10 10 6 
-2 -10 -2 2 -2 -2 6 2 -10 2 6 2 -10 
-2 -10 -2 2 -2 2 -2 6 -2 -10 -2 6 6 
-10 2 -10 6 -2 -2 -2 10 -2 -2 -2 -2 6 
-2 -6 -10 -2 6 -2 6 -2 6 -6 -10 6 6 
-2 -6 -2 -6 -2 2 -2 6 6 -6 -2 6 -10 
6 -6 -10 -6 -2 -2 6 2 -2 2 6 -2 -10 
-2 -6 -2 6 -10 2 -2 2 -10 2 6 6 -10 
-10 -2 6 2 -10 2 -2 -2 -2 -2 6 -2 6 
-10 -6 14 -10 -2 2 -2 -2 -2 6 -2 -2 6 
-2 -2 -2 -2 -10 6 -2 -2 -2 2 -10 10 6 
-10 -2 -2 2 -2 -2 6 2 -10 2 -2 10 -10 
-2 -10 -2 -6 -2 14 6 -10 -2 -2 -2 2 6 
-2 -6 -2 2 -10 6 -2 2 -2 6 -2 2 -10 
6 -10 -2 -2 -10 -2 6 -2 -2 2 -2 2 6 
-2 -14 -2 6 6 -6 -2 -2 -2 2 6 2 -10 
-2 -10 -2 2 -10 6 14 -2 -10 -2 -2 2 6 
-2 -6 -10 6 -2 6 -2 6 -2 -6 -10 6 6 
-2 -14 6 2 -2 2 -2 6 -2 -14 6 6 -10 
-2 -2 6 -6 -2 -6 -10 6 -10 -2 6 6 6 
-2 2 -2 -10 -2 2 -2 -2 -2 -10 6 6 6 
-2 -10 -2 2 6 -2 -10 -2 -2 10 -2 -2 6 
-10 2 -2 -2 -2 -2 6 -10 6 2 -2 -2 6 
-2 -6 -2 -6 -2 2 -2 6 6 -6 -2 6 -10 
-2 -2 6 -10 -2 -2 -10 2 -2 -2 6 2 6 
-2 -6 -2 -6 6 6 -10 -2 6 2 6 -6 -10 
-2 6 -2 -10 -2 -10 -2 2 -2 6 -2 2 6 
-10 2 -2 2 6 -10 6 -2 -2 2 -2 2 -10 
-10 2 -2 -2 6 -2 -2 2 6 -10 -2 -2 6 
-2 2 -2 -6 6 6 -2 -6 -2 -6 -2 6 -10 
-2 -10 6 2 -2 -10 -2 6 -2 2 -2 -2 6 
-10 2 -2 6 -10 6 -2 -2 -2 2 -2 -2 6 
-2 -14 6 2 -2 2 -2 6 -2 -14 6 6 -10 
-10 2 6 2 -2 6 -10 6 -2 -6 -2 2 -10 
-2 2 -2 -2 -2 -2 6 -6 6 2 -2 -6 -10 
-2 -6 6 2 -2 2 -2 2 -2 -6 6 2 -26 
-2 2 6 2 -2 -2 6 -6 -2 -2 -10 2 -10 
6 2 6 -6 -2 6 -2 2 -2 -14 -2 -2 -10 
6 2 -10 -2 -10 -2 -2 2 -10 -2 -2 14 6 
-2 6 -10 2 -2 -2 -10 -10 -2 2 14 -2 6 
-2 2 -2 -10 6 -10 -2 -2 -2 2 -2 6 6 
-2 2 -10 -2 -2 2 -2 -6 -2 10 -2 6 -10 
6 -6 -10 -6 -2 -2 6 2 -2 2 6 -2 -10 
-2 -2 -2 2 -2 -2 -10 -10 6 -2 6 2 6 
-2 -6 -2 2 -10 6 -2 2 -2 6 -2 2 -10 
-2 -6 -2 -6 6 6 -10 -2 6 2 6 -6 -10 
-2 -2 -2 10 -10 -10 -2 -2 -2 -2 6 2 6 
-10 2 -2 6 -2 -6 -2 2 -2 -2 -2 10 -10 
-2 -2 -10 2 6 2 -2 -10 -2 2 6 2 -10 
-10 2 -2 2 6 -10 6 -2 -2 2 -2 2 -10 
-2 -6 -2 2 6 -6 6 -6 -2 2 6 2 -26 
6 -10 -10 2 6 2 -2 -2 -2 -2 -2 -2 6 
-2 -6 -2 10 -2 2 -2 2 -10 6 -2 -2 -10 
-2 6 -2 2 -10 -10 -2 -2 -2 -6 14 -2 6 
-2 2 -2 -2 -2 -2 -10 6 -10 2 -2 6 6 
-2 -2 -2 2 -2 2 -2 -10 -2 6 6 -10 6 
-10 2 6 -2 -2 2 -2 -2 -10 14 -10 -2 6 
-2 -6 -2 10 -2 2 -2 2 -10 6 -2 -2 -10 
-2 6 -10 2 -2 2 -2 -2 -2 2 -2 2 -10 
-10 2 6 2 -2 6 -10 6 -2 -6 -2 2 -10 
-2 2 -2 2 6 10 -10 -2 -10 6 -2 -6 -10 
6 -2 -2 2 -10 -6 6 6 -2 -6 6 -6 -10 
-2 2 -2 6 -2 -6 -2 6 -2 2 -10 2 -10 
-2 2 6 2 6 -6 6 -2 -10 -2 -2 -6 -10 
6 2 -2 10 -2 2 -2 6 -10 -6 -10 -2 -10 
6 2 -2 -10 -2 -2 -2 -6 -2 -10 -2 14 6 
6 -2 -2 -6 6 -6 -10 -2 -10 6 6 -2 6 
-2 10 -10 -2 -2 2 -2 -2 -10 -2 -2 6 6 
-2 2 -2 -6 6 6 -2 -6 -2 -6 -2 6 -10 
-2 2 -2 6 -2 2 -10 2 -2 -2 -2 2 -10 
-2 2 -2 2 6 10 -10 -2 -10 6 -2 -6 -10 
6 6 -2 -6 -2 -6 -2 2 -2 6 -2 -6 -10 
-2 2 6 2 -2 -2 6 -6 -2 -2 -10 2 -10 
-2 2 6 2 6 -6 6 -2 -10 -2 -2 -6 -10 
6 10 -2 -2 -10 2 -2 2 -2 2 -10 -2 -10 
6 2 6 -6 -2 6 -2 2 -2 -14 -2 -2 -10 
6 2 -2 10 -2 2 -2 6 -10 -6 -10 -2 -10 
6 2 -2 10 -2 2 -2 6 -10 -6 -10 -2 -10 
6 2 6 -6 -2 6 -2 2 -2 -14 -2 -2 -10 
6 10 -2 -2 -10 2 -2 2 -2 2 -10 -2 -10 
-2 2 6 2 6 -6 6 -2 -10 -2 -2 -6 -10 
-2 2 6 2 -2 -2 6 -6 -2 -2 -10 2 -10 
6 6 -2 -6 -2 -6 -2 2 -2 6 -2 -6 -10 
-2 2 -2 2 6 10 -10 -2 -10 6 -2 -6 -10 
-2 2 -2 6 -2 2 -10 2 -2 -2 -2 2 -10 
-2 2 -2 -6 6 6 -2 -6 -2 -6 -2 6 -10 
-2 10 -10 -2 -2 2 -2 -2 -10 -2 -2 6 6 
6 -2 -2 -6 6 -6 -10 -2 -10 6 6 -2 6 
6 2 -2 -10 -2 -2 -2 -6 -2 -10 -2 14 6 
6 2 -2 10 -2 2 -2 6 -10 -6 -10 -2 -10 
-2 2 6 2 6 -6 6 -2 -10 -2 -2 -6 -10 
-2 2 -2 6 -2 -6 -2 6 -2 2 -10 2 -10 
6 -2 -2 2 -10 -6 6 6 -2 -6 6 -6 -10 
-2 2 -2 2 6 10 -10 -2 -10 6 -2 -6 -10 
-10 2 6 2 -2 6 -10 6 -2 -6 -2 2 -10 
-2 6 -10 2 -2 2 -2 -2 -2 2 -2 2 -10 
-2 -6 -2 10 -2 2 -2 2 -10 6 -2 -2 -10 
-10 2 6 -2 -2 2 -2 -2 -10 14 -10 -2 6 
-2 -2 -2 2 -2 2 -2 -10 -2 6 6 -10 6 
-2 2 -2 -2 -2 -2 -10 6 -10 2 -2 6 6 
-2 6 -2 2 -10 -10 -2 -2 -2 -6 14 -2 6 
-2 -6 -2 10 -2 2 -2 2 -10 6 -2 -2 -10 
6 -10 -10 2 6 2 -2 -2 -2 -2 -2 -2 6 
-2 -6 -2 2 6 -6 6 -6 -2 2 6 2 -26 
-10 2 -2 2 6 -10 6 -2 -2 2 -2 2 -10 
-2 -2 -10 2 6 2 -2 -10 -2 2 6 2 -10 
-10 2 -2 6 -2 -6 -2 2 -2 -2 -2 10 -10 
-2 -2 -2 10 -10 -10 -2 -2 -2 -2 6 2 6 
-2 -6 -2 -6 6 6 -10 -2 6 2 6 -6 -10 
-2 -6 -2 2 -10 6 -2 2 -2 6 -2 2 -10 
-2 -2 -2 2 -2 -2 -10 -10 6 -2 6 2 6 
6 -6 -10 -6 -2 -2 6 2 -2 2 6 -2 -10 
-2 2 -10 -2 -2 2 -2 -6 -2 10 -2 6 -10 
-2 2 -2 -10 6 -10 -2 -2 -2 2 -2 6 6 
-2 6 -10 2 -2 -2 -10 -10 -2 2 14 -2 6 
6 2 -10 -2 -10 -2 -2 2 -10 -2 -2 14 6 
6 2 6 -6 -2 6 -2 2 -2 -14 -2 -2 -10 
-2 2 6 2 -2 -2 6 -6 -2 -2 -10 2 -10 
-2 -6 6 2 -2 2 -2 2 -2 -6 6 2 -26 
-2 2 -2 -2 -2 -2 6 -6 6 2 -2 -6 -10 
-10 2 6 2 -2 6 -10 6 -2 -6 -2 2 -10 
-2 -14 6 2 -2 2 -2 6 -2 -14 6 6 -10 
-10 2 -2 6 -10 6 -2 -2 -2 2 -2 -2 6 
-2 -10 6 2 -2 -10 -2 6 -2 2 -2 -2 6 
-2 2 -2 -6 6 6 -2 -6 -2 -6 -2 6 -10 
-10 2 -2 -2 6 -2 -2 2 6 -10 -2 -2 6 
-10 2 -2 2 6 -10 6 -2 -2 2 -2 2 -10 
-2 6 -2 -10 -2 -10 -2 2 -2 6 -2 2 6 
-2 -6 -2 -6 6 6 -10 -2 6 2 6 -6 -10 
-2 -2 6 -10 -2 -2 -10 2 -2 -2 6 2 6 
-2 -6 -2 -6 -2 2 -2 6 6 -6 -2 6 -10 
-10 2 -2 -2 -2 -2 6 -10 6 2 -2 -2 6 
-2 -10 -2 2 6 -2 -10 -2 -2 10 -2 -2 6 
-2 2 -2 -10 -2 2 -2 -2 -2 -10 6 6 6 
-2 -2 6 -6 -2 -6 -10 6 -10 -2 6 6 6 
-2 -14 6 2 -2 2 -2 6 -2 -14 6 6 -10 
-2 -6 -10 6 -2 6 -2 6 -2 -6 -10 6 6 
-2 -10 -2 2 -10 6 14 -2 -10 -2 -2 2 6 
-2 -14 -2 6 6 -6 -2 -2 -2 2 6 2 -10 
6 -10 -2 -2 -10 -2 6 -2 -2 2 -2 2 6 
-2 -6 -2 2 -10 6 -2 2 -2 6 -2 2 -10 
-2 -10 -2 -6 -2 14 6 -10 -2 -2 -2 2 6 
-10 -2 -2 2 -2 -2 6 2 -10 2 -2 10 -10 
-2 -2 -2 -2 -10 6 -2 -2 -2 2 -10 10 6 
-10 -6 14 -10 -2 2 -2 -2 -2 6 -2 -2 6 
-10 -2 6 2 -10 2 -2 -2 -2 -2 6 -2 6 
-2 -6 -2 6 -10 2 -2 2 -10 2 6 6 -10 
6 -6 -10 -6 -2 -2 6 2 -2 2 6 -2 -10 
-2 -6 -2 -6 -2 2 -2 6 6 -6 -2 6 -10 
-2 -6 -10 -2 6 -2 6 -2 6 -6 -10 6 6 
-10 2 -10 6 -2 -2 -2 10 -2 -2 -2 -2 6 
-2 -10 -2 2 -2 2 -2 6 -2 -10 -2 6 6 
-2 -10 -2 2 -2 -2 6 2 -10 2 6 2 -10 
-2 -2 -2 -2 -2 -2 6 -10 -2 2 -10 10 6 
-2 -2 6 -2 -2 -10 -2 2 -10 -2 6 2 6 
-2 2 -10 -2 -10 6 -2 2 6 10 -2 -6 -10 
6 -10 -2 -2 -2 6 -2 -10 -2 2 -2 2 6 
-2 2 -2 -2 -10 2 -10 10 6 -2 -2 2 -10 
-2 -2 6 -6 -2 -6 -2 2 -2 -2 6 2 -10 
-2 6 -2 -2 -2 -2 -10 2 -10 6 -2 2 6 
6 -2 -2 2 -10 -6 -2 2 -2 2 6 -2 -10 
6 10 -2 -2 -10 2 -2 2 -2 2 -10 -2 -10 
-2 2 -2 6 -2 -6 -2 6 -2 2 -10 2 -10 
-2 2 -2 -2 -2 -2 6 -6 6 2 -2 -6 -10 
-2 2 -2 6 -2 2 -10 2 -2 -2 -2 2 -10 
-10 2 -2 -2 6 -2 -2 2 6 -10 -2 -2 6 
-10 2 -2 2 -2 -6 6 2 -2 6 -10 6 -10 
-2 -2 -10 6 -2 -6 -2 2 14 -2 -2 -10 6 
-2 -6 -10 6 -2 6 -2 6 -2 -6 -10 6 6 
-2 2 -10 -6 -2 6 -2 2 -2 2 -2 6 -10 
-10 2 6 -2 -2 2 -2 -2 -10 14 -10 -2 6 
-10 2 -2 2 -2 -6 6 2 -2 6 -10 6 -10 
-2 -2 -2 -10 -2 2 6 2 -2 6 -2 -10 6 
-10 6 -2 -2 -10 -2 6 -6 6 6 -2 -6 6 
-2 6 -2 -14 -2 -14 6 2 6 6 -2 2 -10 
-10 -6 6 2 -10 6 -2 2 -2 -2 -2 10 -10 
-10 -2 6 -2 -10 6 -2 -6 6 -2 6 -6 6 
-2 -2 -2 2 -10 -6 -2 10 -10 6 6 2 -10 
-2 -6 -10 -2 6 -2 6 -2 6 -6 -10 6 6 
-2 -2 -2 2 -2 -14 6 -6 -2 2 6 6 -10 
-2 -2 -2 -2 -2 -2 -2 -2 -2 -2 -2 -2 22 
-2 6 -2 -6 -2 -6 -10 6 -10 6 -2 6 6 
-2 10 -10 -2 -2 2 -2 -2 -10 -2 -2 6 6 
-10 2 -2 6 -10 6 -2 -2 -2 2 -2 -2 6 
-10 2 -2 6 -2 -6 -2 2 -2 -2 -2 10 -10 
-10 -2 -2 6 -10 2 -2 10 -2 -6 6 2 -10 
-10 2 -10 2 6 -2 -2 -2 -2 10 -2 2 -10 
-2 6 -10 -6 -10 2 -2 6 6 2 -2 2 -10 
-10 2 -10 6 -2 -2 -2 10 -2 -2 -2 -2 6 
-10 -2 -10 14 -2 2 -10 2 6 -2 -2 -2 6 
-10 6 -2 2 -10 2 -2 -2 -2 6 -2 -2 6 
-2 14 -10 2 -10 -2 -10 -2 -2 2 6 -2 6 
-2 2 -10 -2 -2 2 -2 -6 -2 10 -2 6 -10 
-10 2 -2 -2 -2 -2 6 -10 6 2 -2 -2 6 
-10 -2 -2 -2 -2 10 -2 2 -10 6 -2 -2 6 
-2 -2 -10 2 -2 2 -2 6 -2 -2 -10 6 6 
-10 -2 -2 -2 6 2 -2 -6 6 -6 6 2 -10 
-10 -2 6 6 -10 -2 6 -6 -2 -2 6 -6 6 
-10 6 6 -6 -2 2 -10 2 -2 -2 -2 10 -10 
-2 6 -2 2 -2 -10 -2 -10 6 -2 -2 2 6 
-2 2 -10 -2 -10 6 -2 2 6 10 -2 -6 -10 
-10 2 -2 2 -2 -2 -2 6 -2 2 -2 2 -10 
-2 -2 -10 10 -2 2 -2 -2 -10 2 6 2 -10 
-10 6 -2 6 -10 6 -2 -6 -2 6 -2 -6 6 
-2 6 -2 10 -10 -2 -10 -2 -2 -2 -2 2 6 
-2 10 -10 -6 -2 -2 6 2 -2 2 -10 6 -10 
-2 6 -2 2 -2 2 -10 -6 -2 2 -2 6 -10 
-2 14 -2 2 -2 -10 -2 -10 -2 -6 6 -2 6 
6 2 -2 -10 -2 -2 -2 -6 -2 -10 -2 14 6 
-2 2 -2 -2 -2 -2 -10 6 -10 2 -2 6 6 
-2 2 -10 -6 -2 6 -2 2 -2 2 -2 6 -10 
-2 -2 -10 -2 -2 -2 6 2 6 -2 -10 2 6 
-2 -14 -2 6 6 -6 -2 -2 -2 2 6 2 -10 
-10 2 -10 2 6 -2 -2 -2 -2 10 -2 2 -10 
-2 -10 -2 -2 6 -10 -2 14 -2 2 -2 -6 6 
-2 -2 -10 -2 -2 2 -2 2 6 2 6 -6 -10 
-10 -6 6 2 -10 6 -2 2 -2 -2 -2 10 -10 
-2 -10 -2 -2 -2 6 -2 2 6 -10 -2 2 6 
-10 -2 -2 -2 6 -2 -10 14 -2 2 -10 2 6 
-2 -2 -2 -6 -10 6 -2 10 -2 2 -2 2 -10 
-10 -6 6 -6 6 2 -2 -6 6 -2 -2 6 -10 
-10 -2 -2 6 -2 2 -10 2 14 -10 -2 -2 6 
-2 -6 -10 2 6 10 -10 -2 -2 2 -2 6 -10 
-2 -2 -2 2 -2 -2 -10 6 -2 10 -10 -2 6 
6 -2 -2 -6 -2 2 -10 -6 6 2 6 -2 -10 
-2 2 -2 -10 6 -10 -2 -2 -2 2 -2 6 6 
-10 -6 14 -10 -2 2 -2 -2 -2 6 -2 -2 6 
-10 -6 6 -6 6 2 -2 -6 6 -2 -2 6 -10 
-10 -2 6 -10 -2 10 -2 2 -2 -2 -2 -2 6 
-10 -2 -2 -2 14 -10 -2 6 -2 2 -10 2 6 
-2 6 -2 -6 6 -6 -2 -6 -2 6 -2 2 -10 
-10 2 -2 2 -2 -2 -2 6 -2 2 -2 2 -10 
-2 -10 -2 -2 14 -2 -10 6 -2 2 -2 -6 6 
-2 -2 6 2 6 -10 -2 -2 -2 2 -10 -2 6 
-2 6 6 2 -2 -6 -2 -6 -2 -6 -2 6 -10 
6 6 6 -6 6 -6 -10 -2 -10 -2 -2 -2 6 
6 2 -10 -2 -10 -2 -2 2 -10 -2 -2 14 6 
-2 2 -2 -10 -2 2 -2 -2 -2 -10 6 6 6 
-2 -6 -2 6 -10 2 -2 2 -10 2 6 6 -10 
-2 -6 -10 2 6 10 -10 -2 -2 2 -2 6 -10 
-2 -10 -2 6 -2 -2 6 2 -2 -10 -2 2 6 
-2 -2 -2 -6 -2 6 14 -10 -2 -2 -10 2 6 
-2 -2 -2 2 -2 6 -2 2 -10 2 -2 2 -10 
-2 2 -2 -2 -10 2 -10 10 6 -2 -2 2 -10 
-2 -2 -10 6 -2 6 -2 2 -2 -2 -10 2 6 
-2 -2 -2 2 -10 14 6 -2 -10 -2 -10 2 6 
-10 6 -2 6 -2 2 -2 2 -2 -6 -2 2 -10 
-2 6 -2 2 -2 10 -10 -2 -2 -6 -2 2 -10 
-2 2 -2 2 -2 2 -2 2 -2 6 -10 -2 -10 
-2 -2 -2 14 -2 -6 -2 2 6 -10 -2 -10 6 
-2 6 6 2 -2 2 -2 -10 -2 -2 -2 -10 6 
6 6 -2 10 -2 2 -10 -6 -10 2 -2 -2 -10 
-2 10 -10 -6 -2 -2 6 2 -2 2 -10 6 -10 
-2 2 -2 2 -2 2 -2 2 -2 6 -10 -2 -10 
-2 -2 6 -2 -2 2 6 2 -10 -2 -2 -10 6 
6 -2 -2 2 6 2 -2 -2 -2 -10 -10 -2 6 
-2 6 -2 6 -2 -6 6 2 -2 -6 -2 -6 -10 
-2 6 6 -6 6 -2 6 -6 -2 -6 -10 2 -10 
6 6 -2 -2 -2 2 -2 2 6 -6 -2 -14 -10 
6 6 -2 2 -2 6 -2 2 -10 2 -10 -6 -10 
6 6 -2 -6 -2 -6 -2 2 -2 6 -2 -6 -10 
6 -2 -2 2 -10 -6 6 6 -2 -6 6 -6 -10 
-2 6 -10 2 -2 2 -2 -2 -2 2 -2 2 -10 
6 -10 -10 2 6 2 -2 -2 -2 -2 -2 -2 6 
-2 -2 -2 -10 -2 2 6 2 -2 6 -2 -10 6 
-2 -2 -2 2 -2 2 -2 -10 -2 6 6 -10 6 
-2 -2 -10 6 -2 -6 -2 2 14 -2 -2 -10 6 
-2 -2 -10 2 6 2 -2 -10 -2 2 6 2 -10 
-2 -10 -2 2 -10 6 14 -2 -10 -2 -2 2 6 
-2 -6 -2 -6 -2 2 -2 6 -2 6 6 -6 -10 
-2 -2 -10 -2 -2 -2 6 2 6 -2 -10 2 6 
-2 -10 -2 -6 -2 14 6 -10 -2 -2 -2 2 6 
-2 -10 -2 -2 -2 6 -2 2 6 -10 -2 2 6 
-2 -6 -2 -6 -2 6 -2 -6 6 6 -2 2 -10 
6 -6 -10 -2 -2 -6 -2 2 6 6 6 -6 -10 
6 2 -10 -10 -2 2 -2 -2 -2 -2 6 -2 6 
14 2 -10 -10 -10 -2 -2 2 -2 -2 -2 6 6 
6 -2 -2 -6 6 -6 -10 -2 -10 6 6 -2 6 
-2 -10 6 2 -2 -10 -2 6 -2 2 -2 -2 6 
-2 -6 -2 -6 -2 2 -2 6 -2 6 6 -6 -10 
-10 -2 -2 6 -10 2 -2 10 -2 -6 6 2 -10 
-2 -10 -2 -2 6 -10 -2 14 -2 2 -2 -6 6 
-10 -2 -2 2 -2 -2 6 2 -10 2 -2 10 -10 
-10 -2 -2 -2 6 -2 -10 14 -2 2 -10 2 6 
-2 2 -10 -2 -2 -6 -2 6 6 10 -10 2 -10 
-10 -2 -2 -2 -2 10 -2 2 -10 6 -2 -2 6 
-2 -6 6 -10 -2 2 -2 -2 -2 14 -2 -10 6 
-2 2 -2 -2 -10 2 -2 2 -2 2 -2 6 -10 
6 2 -2 -10 -2 -10 -2 6 -2 2 -2 -2 6 
-2 -10 -2 2 6 -2 -10 -2 -2 10 -2 -2 6 
-10 -2 -10 14 -2 2 -10 2 6 -2 -2 -2 6 
-2 -10 -2 2 -2 -2 6 2 -10 2 6 2 -10 
-10 -2 -2 -2 6 2 -2 -6 6 -6 6 2 -10 
-10 -2 -2 -2 14 -10 -2 6 -2 2 -10 2 6 
-2 -6 -2 -2 6 2 -10 -2 6 2 -2 2 -10 
-2 -10 -2 6 -2 -2 6 2 -2 -10 -2 2 6 
-2 -10 -2 -2 14 -2 -10 6 -2 2 -2 -6 6 
-2 -2 -10 6 -2 6 -2 2 -2 -2 -10 2 6 
-2 -6 -2 2 6 -2 6 -14 -2 6 -2 2 -10 
-2 2 -10 6 6 2 -10 -6 -2 6 -2 2 -10 
6 2 -2 -2 6 -2 -10 -2 -10 2 -2 -2 6 
14 2 -2 -2 -2 -2 -2 -6 -10 -10 -2 6 6 
-2 6 -2 2 -10 -10 -2 -2 -2 -6 14 -2 6 
-2 -2 -2 10 -10 -10 -2 -2 -2 -2 6 2 6 
-10 6 -2 -2 -10 -2 6 -6 6 6 -2 -6 6 
-2 -2 -10 -2 -2 2 -2 2 6 2 6 -6 -10 
-2 -2 -2 2 -2 -2 -10 -10 6 -2 6 2 6 
-10 -2 6 -2 -10 6 -2 -6 6 -2 6 -6 6 
-2 -6 -2 -6 -2 6 -2 -6 6 6 -2 2 -10 
-2 -10 -2 2 -2 2 -2 6 -2 -10 -2 6 6 
-10 -2 6 -10 -2 10 -2 2 -2 -2 -2 -2 6 
-2 -6 -2 2 -2 -6 6 6 -2 -6 -2 6 -10 
-2 2 -2 -2 -10 -2 6 -2 6 2 -2 -10 6 
6 2 -2 -10 -10 2 -2 2 6 2 -2 -2 -10 
-2 6 -10 2 -2 -2 -10 -10 -2 2 14 -2 6 
-10 -2 6 2 -10 2 -2 -2 -2 -2 6 -2 6 
-10 -2 -2 6 -2 2 -10 2 14 -10 -2 -2 6 
-2 2 -10 -2 -2 -2 -2 10 6 -2 -2 -10 6 
-2 -6 -2 6 -2 6 -2 -6 -2 2 6 -6 -10 
-10 2 6 -6 6 2 -2 -2 -2 -2 -2 2 -10 
-2 2 6 -2 -2 2 -10 2 6 -10 -2 2 -10 
-2 2 -2 6 -2 6 -2 -10 -2 2 -2 -10 6 
6 10 -2 -2 -2 2 -2 -2 -10 -10 -2 -2 6 
-2 -2 6 -6 -2 -6 -10 6 -10 -2 6 6 6 
-2 -2 -2 -2 -2 -2 -2 -2 -2 -2 -2 -2 22 
-2 -6 -2 2 -2 -6 6 6 -2 -6 -2 6 -10 
6 -6 -10 -2 -2 -2 6 6 6 -6 -10 -2 6 
-10 -2 6 6 -10 -2 6 -6 -2 -2 6 -6 6 
6 -6 -2 6 -2 -6 -2 6 -2 2 -2 -6 -10 
-2 -2 6 -6 -2 -6 -2 2 -2 -2 6 2 -10 
-10 6 -2 6 -10 6 -2 -6 -2 6 -2 -6 6 
-2 -6 -2 2 6 -2 6 -14 -2 6 -2 2 -10 
-10 2 6 -6 6 2 -2 -2 -2 -2 -2 2 -10 
-10 6 -2 6 -2 2 -2 2 -2 -6 -2 2 -10 
-10 10 -2 6 -2 -2 6 -6 -2 2 -10 2 -10 
-2 2 6 -2 6 -6 -2 -2 6 -6 -10 2 -10 
-2 -2 6 -2 -2 2 6 2 -10 -2 -2 -10 6 
-2 2 14 -2 -2 2 -2 -2 -10 6 -10 -10 6 
6 2 6 6 -2 -6 6 -6 -10 -6 -2 -2 -10 
6 -2 -2 2 -10 -6 -2 2 -2 2 6 -2 -10 
6 -6 -10 6 6 6 -2 -2 -2 -6 -10 -2 6 
-2 -2 -2 14 -2 -6 -2 2 6 -10 -2 -10 6 
-2 2 -2 6 6 -2 -2 2 -2 -10 -2 -10 6 
-2 6 -2 6 -2 -6 6 2 -2 -6 -2 -6 -10 
-2 2 6 6 -2 6 -2 -6 -2 -6 -2 -6 -10 
6 6 -2 -2 -2 2 -2 2 6 -6 -2 -14 -10 
6 2 -2 2 6 2 -2 -6 -2 2 -2 -6 -26 
6 2 -2 6 6 6 -2 -14 -2 2 -2 -14 -10 
-2 6 -2 -10 -2 -10 -2 2 -2 6 -2 2 6 
-2 6 -2 -14 -2 -14 6 2 6 6 -2 2 -10 
6 -10 -2 -2 -10 -2 6 -2 -2 2 -2 2 6 
-2 6 -10 -6 -10 2 -2 6 6 2 -2 2 -10 
-2 -2 6 -10 -2 -2 -10 2 -2 -2 6 2 6 
-2 -2 -2 2 -10 -6 -2 10 -10 6 6 2 -10 
6 -6 -10 -2 -2 -6 -2 2 6 6 6 -6 -10 
-2 -2 -2 -2 -10 6 -2 -2 -2 2 -10 10 6 
-2 2 -10 -2 -2 -6 -2 6 6 10 -10 2 -10 
-2 -2 -2 -6 -10 6 -2 10 -2 2 -2 2 -10 
-2 -2 -10 2 -2 2 -2 6 -2 -2 -10 6 6 
-2 2 -10 -2 -2 -2 -2 10 6 -2 -2 -10 6 
6 -6 -10 -2 -2 -2 6 6 6 -6 -10 -2 6 
-2 -2 -2 2 -2 -14 6 -6 -2 2 6 6 -10 
-10 6 -2 2 -10 2 -2 -2 -2 6 -2 -2 6 
-2 -6 6 -10 -2 2 -2 -2 -2 14 -2 -10 6 
-2 -2 -2 -2 -2 -2 6 -10 -2 2 -10 10 6 
-2 -6 -2 -2 6 2 -10 -2 6 2 -2 2 -10 
-2 2 -2 -6 -2 -6 6 2 6 2 -2 2 -26 
-2 -2 -2 -6 -2 6 14 -10 -2 -2 -10 2 6 
-2 2 6 -14 -2 2 -2 6 6 -2 -2 -6 -10 
6 -10 -2 -2 -2 6 -2 -10 -2 2 -2 2 6 
-2 -2 -10 10 -2 2 -2 -2 -10 2 6 2 -10 
-2 -6 -2 6 -2 6 -2 -6 -2 2 6 -6 -10 
-2 -2 -2 2 -10 14 6 -2 -10 -2 -10 2 6 
-2 2 -2 2 -2 2 -2 6 -10 6 -2 -6 -10 
6 -6 6 2 -10 -2 6 2 -2 -2 -2 -6 -10 
6 -6 -10 6 6 6 -2 -2 -2 -6 -10 -2 6 
6 -6 -2 2 6 2 -2 -2 -2 -6 -2 -2 -10 
6 2 -2 2 -2 -2 6 2 -10 -6 -2 -2 -10 
-2 6 -2 -6 -2 -6 -10 6 -10 6 -2 6 6 
6 2 -10 -10 -2 2 -2 -2 -2 -2 6 -2 6 
-2 2 -2 -2 -10 2 -2 2 -2 2 -2 6 -10 
-2 -2 -2 2 -2 -2 -10 6 -2 10 -10 -2 6 
-2 2 -2 -2 -10 -2 6 -2 6 2 -2 -10 6 
-2 -2 6 -2 -2 -10 -2 2 -10 -2 6 2 6 
-10 6 6 -6 -2 2 -10 2 -2 -2 -2 10 -10 
-2 2 6 -14 -2 2 -2 6 6 -2 -2 -6 -10 
-2 -2 -2 2 -2 6 -2 2 -10 2 -2 2 -10 
-2 6 -2 -2 -2 -2 -10 2 -10 6 -2 2 6 
-2 2 -10 6 6 2 -10 -6 -2 6 -2 2 -10 
-2 2 -2 2 -2 2 -2 6 -10 6 -2 -6 -10 
-10 10 -2 6 -2 -2 6 -6 -2 2 -10 2 -10 
-2 10 -2 2 -2 -2 -2 6 -2 2 -10 -6 -10 
-2 2 -2 6 6 -2 -2 2 -2 -10 -2 -10 6 
-2 2 6 2 -2 10 -10 2 -2 -2 -10 -2 -10 
-2 6 -2 2 -2 2 -10 -6 -2 2 -2 6 -10 
-2 -2 6 2 6 -10 -2 -2 -2 2 -10 -2 6 
-2 2 -2 6 -2 6 -2 -10 -2 2 -2 -10 6 
6 -6 -2 2 6 2 -2 -2 -2 -6 -2 -2 -10 
-2 2 6 2 -2 10 -10 2 -2 -2 -10 -2 -10 
-2 6 6 -6 6 -2 6 -6 -2 -6 -10 2 -10 
-2 2 6 6 -2 6 -2 -6 -2 -6 -2 -6 -10 
6 6 -2 2 -2 6 -2 2 -10 2 -10 -6 -10 
6 2 -2 6 6 6 -2 -14 -2 2 -2 -14 -10 
14 2 -10 -10 -10 -2 -2 2 -2 -2 -2 6 6 
-2 14 -10 2 -10 -2 -10 -2 -2 2 6 -2 6 
6 2 -2 -10 -2 -10 -2 6 -2 2 -2 -2 6 
6 -2 -2 -6 -2 2 -10 -6 6 2 6 -2 -10 
6 2 -2 -10 -10 2 -2 2 6 2 -2 -2 -10 
-2 6 -2 2 -2 -10 -2 -10 6 -2 -2 2 6 
-2 6 -2 -6 6 -6 -2 -6 -2 6 -2 2 -10 
6 -6 -2 6 -2 -6 -2 6 -2 2 -2 -6 -10 
-2 6 -2 10 -10 -2 -10 -2 -2 -2 -2 2 6 
-2 2 6 -2 -2 2 -10 2 6 -10 -2 2 -10 
6 -6 6 2 -10 -2 6 2 -2 -2 -2 -6 -10 
-2 6 -2 2 -2 10 -10 -2 -2 -6 -2 2 -10 
-2 2 6 -2 6 -6 -2 -2 6 -6 -10 2 -10 
-2 10 -2 2 -2 -2 -2 6 -2 2 -10 -6 -10 
6 2 6 -6 -2 2 -2 2 6 -6 -2 -6 -26 
6 -2 -2 2 6 2 -2 -2 -2 -10 -10 -2 6 
6 2 6 2 -2 2 -2 2 -2 -2 -10 -10 -10 
-2 14 -2 2 -2 -10 -2 -10 -2 -6 6 -2 6 
6 2 -2 -2 6 -2 -10 -2 -10 2 -2 -2 6 
-2 6 6 2 -2 -6 -2 -6 -2 -6 -2 6 -10 
6 2 -2 2 -2 -2 6 2 -10 -6 -2 -2 -10 
-2 6 6 2 -2 2 -2 -10 -2 -2 -2 -10 6 
-2 2 14 -2 -2 2 -2 -2 -10 6 -10 -10 6 
6 2 6 2 -2 2 -2 2 -2 -2 -10 -10 -10 
14 2 -2 -2 -2 -2 -2 -6 -10 -10 -2 6 6 
6 6 6 -6 6 -6 -10 -2 -10 -2 -2 -2 6 
6 10 -2 -2 -2 2 -2 -2 -10 -10 -2 -2 6 
6 6 -2 10 -2 2 -10 -6 -10 2 -2 -2 -10 
6 2 6 6 -2 -6 6 -6 -10 -6 -2 -2 -10 
