12 8 4 0 4 8 -4 -4 -4 -4 4 0 -4 -4 
12 8 4 0 4 0 -4 -4 -4 0 4 4 -4 -4 
12 8 4 8 -4 -8 -4 0 -4 -4 4 4 4 -4 
4 8 12 0 4 4 4 0 -4 -4 -4 -4 -4 4 
4 8 4 0 12 -4 -4 0 -4 8 -4 -4 4 -4 
4 8 12 0 -4 0 -4 -8 -4 4 -4 4 12 -4 
12 0 4 8 4 4 4 4 -4 -8 -4 0 -4 -4 
4 8 4 0 4 4 12 -4 4 -8 -12 4 -4 4 
4 0 4 8 4 -4 4 -4 4 4 -4 -4 -4 12 
4 0 4 8 4 -4 -4 0 4 0 -4 4 4 -4 
4 8 4 4 -4 -4 4 -12 -4 0 4 4 4 12 
4 0 4 0 4 -4 4 12 -4 0 -4 0 4 -4 
4 0 4 0 4 0 -4 4 -4 -4 4 8 4 -4 
4 8 -4 -8 4 -4 12 4 4 0 -4 4 -4 4 
4 0 4 0 -4 -4 4 8 4 -4 4 4 -4 4 
4 0 4 0 -4 0 4 -4 4 4 -4 4 4 4 
4 8 -4 -4 4 -4 4 -4 4 -4 -4 4 4 20 
12 0 -4 -8 -4 4 4 4 4 8 4 0 -4 -4 
4 8 4 -8 -4 -8 -4 4 4 8 4 4 4 -4 
4 8 4 -4 -4 -12 4 -4 -4 8 4 4 4 12 
12 0 4 0 -12 -8 -4 0 4 4 4 12 4 -4 
4 8 12 4 4 0 4 0 -4 4 -4 -8 -4 -4 
4 0 4 12 4 0 4 0 -4 -4 4 0 -4 -4 
4 0 4 4 12 0 -4 0 -4 8 -4 -4 4 -4 
4 8 4 8 -4 -8 -4 0 -4 -4 4 4 12 -4 
4 8 4 4 4 8 -4 4 4 -8 4 -8 -4 -4 
-4 8 4 4 4 8 -4 4 4 -8 4 -8 4 -4 
4 0 4 4 -4 8 12 4 -4 -4 -4 -8 4 4 
-4 8 4 -4 4 8 4 4 4 -12 4 -4 -4 12 
-4 0 12 -4 4 8 -4 4 4 0 -4 0 4 -4 
-4 0 4 12 -4 0 4 0 4 -4 4 0 4 -4 
-4 8 4 0 -4 8 -4 -4 4 -4 4 0 12 -4 
4 4 4 -4 -4 0 4 -4 4 -4 -4 8 4 12 
4 0 -4 4 -4 8 12 4 -4 -4 4 -8 4 4 
4 0 -4 -4 4 8 -4 4 4 0 12 0 -4 -4 
-4 8 -4 4 -4 0 4 0 4 4 12 -8 4 -4 
4 4 -4 -4 4 0 4 -4 -4 -4 4 8 4 12 
4 0 -4 4 -4 0 -4 0 12 8 4 -4 4 -4 
-4 8 4 0 -4 0 -4 -4 4 0 4 4 12 -4 
12 0 -4 4 12 4 -4 0 4 8 -4 -8 -4 -4 
4 0 4 4 4 4 4 0 4 0 -4 -4 -4 4 
4 -8 4 12 4 4 -4 0 12 0 -12 0 4 -4 
4 -8 4 4 4 8 -4 -8 4 8 -4 4 4 -4 
4 0 -4 8 4 -4 -4 0 4 0 4 4 4 -4 
4 0 4 -4 4 4 12 8 -12 4 -4 -8 4 4 
4 4 -4 -4 4 -4 4 0 4 4 -4 0 4 12 
4 -8 4 4 -4 4 12 8 -4 -4 -4 0 4 4 
-4 0 4 0 4 -4 4 8 -4 -4 4 4 4 4 
4 -4 4 -4 -4 4 4 8 -4 -4 4 -4 4 20 
4 -8 -4 4 12 -4 -4 8 4 8 -4 0 4 -4 
-4 -8 12 4 -4 0 4 0 4 4 -4 8 4 -4 
4 -4 -4 4 4 -4 4 0 4 -4 -4 8 4 12 
4 0 4 0 4 -8 -4 0 -12 4 4 12 12 -4 
4 -8 -12 12 12 4 -4 0 4 0 4 0 4 -4 
-4 0 -4 4 4 4 4 0 4 0 4 -4 4 4 
-4 8 -12 0 4 4 12 -4 4 -8 4 4 4 4 
-4 0 -4 4 4 4 -4 0 12 8 -4 -8 12 -4 
-4 0 -4 8 -4 4 4 4 4 -8 4 0 12 -4 
-4 0 -4 8 4 -4 4 -4 4 4 4 -4 4 12 
4 -8 -4 4 4 8 -4 -8 4 8 4 4 4 -4 
4 -8 -4 4 -4 4 12 8 -4 -4 4 0 4 4 
4 -8 -4 -4 4 8 12 4 -12 4 4 0 4 4 
-4 0 4 -12 4 8 4 4 4 -4 4 4 -4 12 
4 -8 -4 4 4 -4 -4 8 12 8 -4 0 4 -4 
-4 0 4 -8 4 4 4 4 -4 8 -4 0 12 -4 
4 -8 -4 4 4 0 4 0 -4 4 12 8 -4 -4 
4 -4 -4 4 4 -4 4 0 4 -4 -4 8 4 12 
4 4 -4 -4 4 0 4 -4 -4 -4 4 8 4 12 
4 0 -4 -4 -12 4 12 8 4 4 4 -8 4 4 
4 -8 4 -4 -12 8 12 4 4 4 -4 0 4 4 
-4 8 -4 -8 4 -4 12 4 4 0 -4 4 4 4 
-4 8 -4 0 -4 4 4 0 4 -4 12 -4 4 4 
4 -4 4 -4 -4 4 4 8 -4 -4 4 -4 4 20 
4 0 -4 0 4 0 4 -4 -4 4 4 4 4 4 
4 0 -4 0 -4 -4 4 12 4 0 4 0 4 -4 
4 4 -4 -4 4 -4 4 0 4 4 -4 0 4 12 
4 0 4 0 -4 0 -4 4 4 -4 4 8 4 -4 
4 4 4 -4 -4 0 4 -4 4 -4 -4 8 4 12 
4 8 -4 0 -4 -4 -4 0 12 8 4 -4 4 -4 
4 8 4 -8 4 -8 -4 4 -4 8 4 4 4 -4 
12 8 -4 0 -4 0 -4 -8 -4 4 12 4 4 -4 
4 4 4 8 4 0 12 -8 -4 4 4 -4 -12 4 
4 4 -4 0 12 8 4 -8 -4 0 4 4 -4 -4 
4 4 4 0 -4 4 4 0 -4 -4 4 -4 4 12 
12 8 -4 0 -4 0 -4 -8 -4 4 12 4 4 -4 
4 4 12 0 4 0 -4 12 4 -8 4 0 -12 -4 
-4 4 12 -8 12 8 -4 4 -4 0 4 0 -4 -4 
-4 4 4 0 12 -8 4 8 -4 0 -4 4 4 -4 
4 8 4 -8 4 -8 -4 4 -4 8 4 4 4 -4 
4 -4 4 8 4 0 4 4 4 -4 -4 0 -4 4 
-4 -4 12 0 4 8 -4 4 4 -8 4 8 -4 -4 
4 0 4 0 -4 0 -4 4 4 -4 4 8 4 -4 
4 -4 -4 0 12 8 4 -4 -4 4 4 0 -4 4 
-4 -4 4 8 4 -8 12 0 -4 4 4 4 -4 4 
-4 -4 4 8 4 -4 4 -4 4 4 4 -4 -4 20 
4 0 -4 0 4 0 4 -4 -4 4 4 4 4 4 
4 -4 -4 0 4 0 4 0 4 0 4 12 -4 -4 
4 -4 4 0 -4 -4 4 8 -4 -4 4 4 4 12 
4 0 4 0 4 -8 -4 0 -12 4 4 12 12 -4 
-4 4 4 0 -4 8 4 -8 12 0 -4 4 4 -4 
4 8 -4 0 -4 -4 -4 0 12 8 4 -4 4 -4 
-12 4 4 8 -4 0 12 -8 4 4 4 -4 4 4 
-4 8 -4 0 -4 4 4 0 4 -4 12 -4 4 4 
4 4 -4 0 4 -4 12 4 4 -8 -4 8 -4 4 
-4 -4 4 8 4 -4 4 4 4 -4 4 0 -4 12 
-4 -4 4 0 4 8 -4 4 4 -8 12 8 -4 -4 
4 0 -4 0 -4 -4 4 12 4 0 4 0 4 -4 
-4 4 4 -8 4 4 12 -4 4 0 -12 8 4 4 
-4 8 -4 -8 4 -4 12 4 4 0 -4 4 4 4 
-4 -4 4 0 4 4 4 -4 4 4 4 0 -4 12 
-4 0 4 -8 4 4 4 4 -4 8 -4 0 12 -4 
-4 0 -4 8 4 -4 4 -4 4 4 4 -4 4 12 
-4 -4 4 0 4 0 4 0 4 0 -4 12 4 -4 
-4 8 4 0 -4 0 -4 -4 4 0 4 4 12 -4 
4 8 4 -4 -4 -12 4 -4 -4 8 4 4 4 12 
-4 4 -4 0 4 -4 12 4 4 -8 -4 8 4 4 
-4 -4 -4 8 4 0 4 4 4 -4 4 0 4 4 
-12 4 4 0 4 0 -4 12 4 -8 12 0 4 -4 
-4 0 -4 8 -4 4 4 4 4 -8 4 0 12 -4 
4 4 -12 -8 4 4 12 -4 4 0 4 8 -4 4 
-4 -4 4 0 -4 8 4 -4 12 4 -4 0 4 4 
-4 8 -12 0 4 4 12 -4 4 -8 4 4 4 4 
-4 -4 4 8 -4 -8 12 0 4 4 4 4 -4 4 
-4 0 4 0 4 -4 4 8 -4 -4 4 4 4 4 
4 8 -4 -4 4 -4 4 -4 4 -4 -4 4 4 20 
-4 4 4 -8 -4 8 -4 4 12 0 12 0 -4 -4 
-4 8 4 0 -4 8 -4 -4 4 -4 4 0 12 -4 
4 4 -4 0 -4 -8 4 8 12 0 4 4 -4 -4 
4 0 -4 8 4 -4 -4 0 4 0 4 4 4 -4 
4 8 4 4 -4 -4 4 -12 -4 0 4 4 4 12 
4 8 4 8 -4 -8 -4 0 -4 -4 4 4 12 -4 
4 4 4 4 -4 -8 12 0 4 8 4 -4 -12 4 
4 -4 4 4 4 0 -4 8 4 0 4 0 -4 -4 
4 -4 -4 4 4 0 4 4 4 8 -4 -12 4 12 
4 -4 4 -4 -4 4 4 8 4 0 4 -4 -4 12 
4 4 -4 0 -4 -8 4 8 12 0 4 4 -4 -4 
-4 -4 12 -4 4 8 -4 0 4 8 -4 0 4 -4 
-4 -4 4 4 4 0 12 -8 -4 8 4 4 -4 4 
-4 -4 4 8 -4 -8 12 0 4 4 4 4 -4 4 
4 -8 -4 4 4 0 4 0 -4 4 12 8 -4 -4 
4 -12 -4 4 4 8 4 -4 4 8 -4 -4 4 12 
-4 -4 4 -4 4 4 4 8 -4 0 4 -4 4 12 
-4 -4 4 0 4 0 4 0 4 0 -4 12 4 -4 
4 -8 -4 4 4 8 -4 -8 4 8 4 4 4 -4 
4 -4 4 0 -4 -4 4 8 -4 -4 4 4 4 12 
12 0 4 0 -12 -8 -4 0 4 4 4 12 4 -4 
4 4 4 -4 -4 0 4 4 4 0 4 0 -4 4 
-4 -4 4 4 4 0 -4 8 4 0 4 0 4 -4 
-4 4 4 -8 -4 8 -4 4 12 0 12 0 -4 -4 
-4 4 4 -4 4 0 4 4 -4 0 4 0 4 4 
-12 4 4 4 4 -8 12 0 -4 8 4 -4 4 4 
-12 4 4 0 4 0 -4 12 4 -8 12 0 4 -4 
-4 -4 4 -4 4 4 4 8 -4 0 4 -4 4 12 
4 8 4 -8 -4 -8 -4 4 4 8 4 4 4 -4 
4 -4 4 -4 -4 8 4 4 -4 -4 4 -4 4 20 
-4 -4 4 0 -4 8 4 -4 12 4 -4 0 4 4 
4 -8 4 -4 -12 8 12 4 4 4 -4 0 4 4 
-4 0 4 -12 4 8 4 4 4 -4 4 4 -4 12 
-4 -8 12 4 -4 0 4 0 4 4 -4 8 4 -4 
-4 -4 -4 8 4 0 4 4 4 -4 4 0 4 4 
4 -8 -4 -4 4 8 12 4 -12 4 4 0 4 4 
-4 -4 4 4 -4 0 12 -8 4 8 4 4 -4 4 
-12 4 4 8 -4 0 12 -8 4 4 4 -4 4 4 
-4 -4 4 8 4 -4 4 -4 4 4 4 -4 -4 20 
4 0 4 0 -4 0 4 -4 4 4 -4 4 4 4 
4 -4 -4 -4 4 8 -4 0 4 8 12 0 -4 -4 
-4 -4 4 0 4 8 -4 4 4 -8 12 8 -4 -4 
4 0 4 0 4 0 -4 4 -4 -4 4 8 4 -4 
4 -4 4 -4 -4 4 4 8 4 0 4 -4 -4 12 
-4 4 4 0 -4 8 4 -8 12 0 -4 4 4 -4 
4 -8 4 4 4 8 -4 -8 4 8 -4 4 4 -4 
4 4 4 0 -4 4 4 0 -4 -4 4 -4 4 12 
4 8 12 0 -4 0 -4 -8 -4 4 -4 4 12 -4 
12 4 -4 -4 -4 -4 4 0 4 8 4 0 -4 4 
4 -4 -4 -4 4 8 -4 0 4 8 12 0 -4 -4 
4 -4 4 4 -4 -4 4 0 4 0 -4 8 4 4 
-4 -4 4 4 4 -4 4 -4 4 8 4 -4 -4 20 
-4 -4 4 4 -4 0 12 -8 4 8 4 4 -4 4 
4 -8 -4 4 4 -4 -4 8 12 8 -4 0 4 -4 
4 -12 -4 4 4 8 4 -4 4 8 -4 -4 4 12 
4 -4 -4 0 4 0 4 0 4 0 4 12 -4 -4 
4 0 -4 4 -4 0 -4 0 12 8 4 -4 4 -4 
-4 4 4 -4 4 -4 4 0 -4 8 -4 0 12 4 
4 0 -4 -4 -12 4 12 8 4 4 4 -8 4 4 
-4 0 -4 4 4 4 -4 0 12 8 -4 -8 12 -4 
-4 8 -4 4 -4 0 4 0 4 4 12 -8 4 -4 
4 -4 -4 4 4 -4 4 0 -4 0 4 8 4 4 
4 -8 -4 4 -4 4 12 8 -4 -4 4 0 4 4 
-4 -4 4 4 4 -4 4 -4 4 8 4 -4 -4 20 
-12 4 4 4 4 -8 12 0 -4 8 4 -4 4 4 
-4 0 -4 4 4 4 4 0 4 0 4 -4 4 4 
-4 -4 4 8 4 -8 12 0 -4 4 4 4 -4 4 
4 0 4 0 -4 -4 4 8 4 -4 4 4 -4 4 
-4 -4 4 4 4 0 -4 8 4 0 4 0 4 -4 
4 -8 -12 12 12 4 -4 0 4 0 4 0 4 -4 
-4 0 4 12 -4 0 4 0 4 -4 4 0 4 -4 
4 -4 -4 4 4 0 4 4 4 8 -4 -12 4 12 
-4 4 4 0 12 -8 4 8 -4 0 -4 4 4 -4 
4 0 4 8 4 -4 -4 0 4 0 -4 4 4 -4 
12 8 4 8 -4 -8 -4 0 -4 -4 4 4 4 -4 
4 4 -4 -4 4 -4 4 -4 4 -4 -4 8 4 20 
4 -4 -4 4 4 -4 4 0 -4 0 4 8 4 4 
4 4 -12 -8 4 4 12 -4 4 0 4 8 -4 4 
-4 -4 4 0 4 4 4 -4 4 4 4 0 -4 12 
4 -8 -4 4 12 -4 -4 8 4 8 -4 0 4 -4 
4 0 -4 -4 4 8 -4 4 4 0 12 0 -4 -4 
12 0 -4 -8 -4 4 4 4 4 8 4 0 -4 -4 
4 4 -4 -4 4 -4 4 -4 4 -4 -4 8 4 20 
-4 4 4 -4 4 -4 4 0 -4 8 -4 0 12 4 
-4 4 -4 0 4 -4 12 4 4 -8 -4 8 4 4 
-4 -4 4 4 4 0 12 -8 -4 8 4 4 -4 4 
4 8 -4 -8 4 -4 12 4 4 0 -4 4 -4 4 
-4 -4 4 8 4 -4 4 4 4 -4 4 0 -4 12 
-4 -4 12 -4 4 8 -4 0 4 8 -4 0 4 -4 
-4 -4 12 0 4 8 -4 4 4 -8 4 8 -4 -4 
-4 0 12 -4 4 8 -4 4 4 0 -4 0 4 -4 
4 0 4 0 4 -4 4 12 -4 0 -4 0 4 -4 
4 0 4 8 4 -4 4 -4 4 4 -4 -4 -4 12 
4 4 -4 0 12 8 4 -8 -4 0 4 4 -4 -4 
4 0 4 4 12 0 -4 0 -4 8 -4 -4 4 -4 
4 8 4 0 12 -4 -4 0 -4 8 -4 -4 4 -4 
12 8 4 0 4 0 -4 -4 -4 0 4 4 -4 -4 
4 -4 4 -4 -4 8 4 4 -4 -4 4 -4 4 20 
4 -4 4 4 -4 -4 4 0 4 0 -4 8 4 4 
-4 4 4 -4 4 0 4 4 -4 0 4 0 4 4 
-4 4 4 -8 4 4 12 -4 4 0 -12 8 4 4 
4 -8 4 4 -4 4 12 8 -4 -4 -4 0 4 4 
4 -4 -4 0 12 8 4 -4 -4 4 4 0 -4 4 
4 0 -4 4 -4 8 12 4 -4 -4 4 -8 4 4 
-4 8 4 -4 4 8 4 4 4 -12 4 -4 -4 12 
4 -4 4 4 4 0 -4 8 4 0 4 0 -4 -4 
4 -8 4 12 4 4 -4 0 12 0 -12 0 4 -4 
-4 4 12 -8 12 8 -4 4 -4 0 4 0 -4 -4 
-4 8 4 4 4 8 -4 4 4 -8 4 -8 4 -4 
4 0 4 12 4 0 4 0 -4 -4 4 0 -4 -4 
12 8 4 0 4 8 -4 -4 -4 -4 4 0 -4 -4 
12 4 -4 -4 -4 -4 4 0 4 8 4 0 -4 4 
4 4 4 -4 -4 0 4 4 4 0 4 0 -4 4 
4 4 -4 0 4 -4 12 4 4 -8 -4 8 -4 4 
4 0 4 -4 4 4 12 8 -12 4 -4 -8 4 4 
4 -4 4 8 4 0 4 4 4 -4 -4 0 -4 4 
4 0 4 4 -4 8 12 4 -4 -4 -4 -8 4 4 
4 4 4 4 -4 -8 12 0 4 8 4 -4 -12 4 
4 0 4 4 4 4 4 0 4 0 -4 -4 -4 4 
4 8 4 0 4 4 12 -4 4 -8 -12 4 -4 4 
4 4 4 8 4 0 12 -8 -4 4 4 -4 -12 4 
4 8 12 0 4 4 4 0 -4 -4 -4 -4 -4 4 
12 0 -4 4 12 4 -4 0 4 8 -4 -8 -4 -4 
4 4 12 0 4 0 -4 12 4 -8 4 0 -12 -4 
4 8 4 4 4 8 -4 4 4 -8 4 -8 -4 -4 
12 0 4 8 4 4 4 4 -4 -8 -4 0 -4 -4 
4 8 12 4 4 0 4 0 -4 4 -4 -8 -4 -4 
12 8 4 0 4 4 4 0 -4 -4 -12 -4 4 4 
12 8 4 4 4 0 -4 0 -4 -4 -4 -4 4 4 
12 12 4 0 4 0 -4 -8 -4 -4 4 4 -4 4 
4 8 4 8 4 0 4 8 -4 -8 -4 -4 4 -12 
4 8 4 12 -4 0 4 -4 -4 0 4 -12 4 4 
4 0 12 8 4 0 4 4 -4 0 -4 0 -4 -12 
4 0 4 8 12 -4 -4 4 4 -4 -4 0 -4 4 
4 0 4 12 4 0 -4 -4 4 4 -4 -8 4 4 
4 4 4 8 4 -8 4 -4 4 -4 -4 8 -4 4 
12 0 -4 8 12 8 -4 -4 4 4 -4 -8 -4 -4 
4 0 4 8 4 0 -4 8 4 -4 4 -4 -4 -4 
4 8 -4 0 4 0 4 0 4 4 4 0 -4 -12 
4 0 4 0 4 4 -4 -4 12 4 -4 0 -4 4 
4 0 -4 12 4 0 -4 -4 4 4 4 -8 4 4 
4 4 -4 0 12 0 4 -12 -4 4 4 8 -4 4 
12 0 -4 0 -4 0 4 8 4 0 4 4 -4 -12 
4 0 4 4 -4 0 4 -4 -4 8 4 -4 4 4 
12 0 -4 0 -4 -4 4 8 4 -4 -4 4 4 4 
4 8 -4 4 -4 0 -4 0 4 -4 4 -4 12 4 
4 4 4 0 4 -8 -4 0 -4 -4 4 12 4 4 
4 0 12 8 4 4 4 0 -4 4 -4 -12 -4 4 
4 0 12 0 4 12 -4 4 4 -8 -4 -4 -4 4 
4 0 12 4 -4 4 4 0 -4 0 4 -4 -4 4 
4 4 12 0 -4 4 -4 0 4 0 4 -4 -4 4 
-4 8 4 0 12 0 4 0 -4 4 -4 0 4 -12 
-4 12 4 0 4 -4 4 0 4 -4 4 0 -4 4 
4 0 12 0 4 12 -4 0 4 -4 -4 0 -4 -4 
-4 8 12 -8 12 4 -4 8 -4 0 4 -4 -4 -4 
-4 0 12 0 4 8 -4 0 4 4 -4 -4 4 -4 
4 0 4 0 4 4 4 0 -4 8 4 0 -4 -12 
-4 4 4 0 4 4 4 -8 4 -4 4 8 -4 4 
4 0 4 -8 4 4 -4 12 4 0 4 -4 -4 4 
-4 4 4 0 4 4 -4 0 -4 0 12 -4 4 4 
4 0 4 -8 -4 8 4 4 4 -4 -4 4 4 4 
4 0 4 -4 4 0 -4 0 -4 4 -4 4 12 4 
-4 12 4 0 -4 0 -4 -8 4 -4 4 4 12 4 
12 0 4 8 4 4 4 4 -4 -8 -4 0 -4 -4 
4 0 12 8 -4 4 12 -4 -4 0 -4 -4 -4 4 
4 -8 4 8 4 8 4 -4 -4 0 4 8 -4 -12 
4 -4 4 8 -4 -4 12 4 -4 0 4 0 -4 4 
-4 0 12 0 4 4 -4 8 4 -8 4 4 -4 -4 
-4 0 4 4 4 4 4 -4 4 0 4 -4 -4 12 
-4 0 12 0 -4 4 4 0 4 8 -4 0 4 -12 
-4 -4 12 0 -4 4 12 -4 -4 8 -4 0 4 4 
4 -8 4 8 -4 -4 4 8 4 4 4 -4 -4 4 
4 -8 4 0 -4 8 4 0 4 0 -4 12 4 -12 
-4 0 4 4 -4 4 4 0 -4 0 12 -4 4 4 
-4 -4 12 0 4 -4 -4 8 -4 0 4 4 4 4 
4 -8 4 4 -4 8 4 -12 -4 8 4 4 4 4 
4 0 4 0 4 -4 4 12 -4 0 -4 0 4 -4 
4 -8 -4 8 12 0 -4 4 4 4 -4 0 4 -4 
4 0 4 0 -4 -4 12 4 -4 8 4 -4 -4 4 
-4 0 4 0 4 0 4 -4 12 4 -4 4 -4 4 
-4 0 4 0 4 -8 4 12 -4 8 4 0 4 -12 
-4 -4 4 8 -4 -4 12 4 -4 0 4 0 4 4 
4 -8 -4 4 12 0 -4 -4 -4 12 4 0 4 4 
-4 4 -4 8 4 -8 4 -4 4 -4 4 8 4 4 
4 -4 4 4 -4 -4 4 -4 -4 4 4 0 4 20 
12 0 -4 -8 -4 4 4 4 4 8 4 0 -4 -4 
4 0 4 -8 -4 4 -4 8 12 4 4 0 -4 -4 
-4 0 4 -4 4 -4 4 4 4 8 4 -4 -4 12 
4 -8 4 0 -4 0 -4 8 12 4 4 4 -4 -4 
4 -4 -4 0 -4 4 12 -4 -4 8 12 0 -4 4 
-4 4 4 -8 4 -4 4 0 4 4 4 8 -4 4 
4 -8 4 4 -4 0 -4 -4 12 12 -4 0 4 4 
-4 4 4 0 -4 0 4 -12 12 4 -4 8 4 4 
4 -4 4 4 -4 -4 4 -4 -4 4 4 0 4 20 
4 -4 4 0 -4 -4 -4 8 4 0 12 4 -4 4 
4 0 4 -4 -4 -8 4 4 -4 16 4 -4 4 4 
12 0 -4 -4 -4 0 -4 0 4 4 4 4 4 4 
4 4 4 0 -4 -8 -4 0 4 -4 4 12 4 4 
4 8 4 12 4 0 4 0 4 -8 -4 0 -4 -12 
4 8 -4 4 4 8 4 4 4 -8 -4 -12 4 4 
4 8 -4 8 -4 0 4 8 4 -8 4 -4 4 -12 
4 8 12 4 4 0 4 0 -4 4 -4 -8 -4 -4 
-4 8 4 4 4 0 12 -4 4 -4 -4 0 -4 4 
-4 8 4 -4 12 -4 12 0 -4 4 -4 0 -4 4 
-4 8 4 0 4 0 4 0 4 4 -4 0 4 -12 
4 0 4 12 4 0 4 0 -4 -4 4 0 -4 -4 
-4 0 4 8 4 0 -4 8 4 -4 4 -4 4 -4 
4 0 -4 4 12 0 4 0 -4 0 4 8 -4 -12 
-4 8 -4 4 4 0 12 -4 4 -4 4 0 -4 4 
-4 0 4 4 4 -4 12 0 4 -4 -4 8 -4 4 
4 0 -4 -4 4 8 4 4 4 0 -4 -4 4 4 
-4 0 4 0 4 0 4 8 -4 0 -4 4 12 -12 
-4 4 4 -4 4 0 4 -4 4 -4 4 4 -4 20 
4 0 -4 0 4 -4 4 8 -4 -4 -4 4 12 4 
4 4 4 0 -4 -8 -4 0 4 -4 4 12 4 4 
-4 16 4 4 4 0 4 -4 4 -8 4 -4 -4 4 
-4 8 -4 12 4 0 4 0 4 -8 4 0 4 -12 
4 8 -4 4 4 0 4 -4 4 -4 -4 -4 4 12 
-4 0 4 12 -4 0 4 0 4 -4 4 0 4 -4 
-4 0 -4 8 4 8 -4 -4 12 4 -4 -8 12 -4 
-4 8 4 -4 4 0 4 -4 4 0 4 4 -4 4 
-4 0 4 4 -4 0 4 0 12 0 -4 8 4 -12 
-4 0 -4 4 4 -4 12 0 4 -4 4 8 -4 4 
-4 0 -4 0 12 4 -4 -4 4 4 4 0 4 4 
-4 4 4 0 -4 0 4 -12 12 4 -4 8 4 4 
-4 8 -4 4 -4 0 4 0 4 4 12 -8 4 -4 
-4 0 -4 8 -4 0 4 4 4 0 12 0 4 -12 
-4 8 -4 -4 -4 -4 12 0 12 4 4 0 -4 4 
-4 0 -4 8 4 -4 -4 4 12 -4 4 0 4 4 
-4 4 -4 8 4 -8 4 -4 4 -4 4 8 4 4 
4 8 -12 0 -4 4 4 0 4 -4 4 -4 12 4 
-4 12 4 0 -4 0 -4 -8 4 -4 4 4 12 4 
12 8 4 -4 4 4 -4 0 -4 0 4 0 -4 -4 
4 8 4 4 4 -4 4 -8 4 0 -4 4 -4 4 
4 0 4 4 12 -4 -4 0 -4 12 -4 -8 4 4 
4 0 -4 4 12 4 -4 -4 4 0 4 0 -4 4 
4 0 -4 0 4 4 4 0 -4 8 12 0 -4 -12 
4 4 -4 -4 4 -4 4 0 12 8 4 0 -12 4 
4 0 12 4 -4 4 -4 0 4 -8 -4 8 4 -4 
-4 0 4 0 4 4 -4 8 4 -8 12 4 -4 -4 
4 -8 4 12 4 -4 -4 0 4 4 -4 0 4 4 
-4 0 4 4 4 4 -4 -4 12 0 -4 0 4 4 
-4 -4 4 4 4 -4 4 0 12 0 -4 8 -4 4 
-4 -8 4 8 4 -4 4 8 -4 4 4 -4 4 4 
4 -8 -4 -4 4 16 4 -4 4 0 -4 4 4 4 
-4 0 -4 0 4 12 -4 4 4 -8 12 -4 4 4 
4 -8 -4 0 4 8 4 0 -4 0 4 12 4 -12 
4 -4 4 0 -4 -4 -4 8 4 0 12 4 -4 4 
4 8 4 -4 4 -4 4 0 -4 -4 -4 4 4 12 
-4 0 4 -8 12 4 -4 8 -4 4 4 0 4 -4 
-4 4 4 -12 4 4 4 8 4 -4 4 0 -4 12 
-4 0 4 -4 12 -4 -4 4 4 8 -4 0 4 4 
-12 4 4 -4 12 -4 4 0 4 8 -4 0 4 4 
-4 0 -4 -4 12 0 12 -4 -4 4 4 8 -4 4 
-4 4 4 -8 4 -4 4 0 4 4 4 8 -4 4 
4 0 4 -4 4 -4 -4 8 -4 0 4 8 4 -4 
-4 -8 12 4 -4 0 4 0 4 4 -4 8 4 -4 
-4 -4 4 -4 4 4 4 8 4 -12 4 8 -4 12 
-4 -8 4 0 12 0 -4 8 -4 4 4 4 4 -4 
4 0 -4 -4 4 -4 -4 4 12 8 4 0 -4 4 
-4 0 4 -4 4 -8 4 8 4 8 -4 8 4 -12 
-4 -4 -4 4 12 -4 4 0 4 0 4 8 -4 4 
-4 0 4 -4 -4 0 12 -4 12 4 -4 8 -4 4 
4 0 -4 -12 4 0 4 12 4 8 -4 -4 4 4 
-4 0 4 -8 4 4 -4 12 4 0 4 -4 4 4 
-4 -4 12 0 4 -4 -4 8 -4 0 4 4 4 4 
4 0 -4 -8 4 8 4 4 -4 -4 4 4 4 4 
-4 4 4 -4 4 0 4 -4 4 -4 4 4 -4 20 
4 4 4 0 4 -8 -4 0 -4 -4 4 12 4 4 
4 0 -4 4 4 4 -4 0 -4 -8 12 8 4 -4 
4 0 4 4 -4 -4 4 -4 -4 4 4 -4 4 20 
-4 8 -4 4 4 -4 4 -8 4 0 4 4 4 4 
-4 0 4 -4 4 8 4 -12 4 0 4 12 -4 4 
-4 0 -4 8 -4 4 12 -4 -4 0 12 -4 4 4 
4 -8 -4 12 4 -4 -4 0 4 4 4 0 4 4 
-4 -4 -4 4 12 -4 4 0 4 0 4 8 -4 4 
4 -4 -4 0 -4 4 12 -4 -4 8 12 0 -4 4 
-4 8 4 -4 -4 4 -4 0 4 0 4 0 12 -4 
-4 0 -4 8 -4 4 4 4 4 -8 4 0 12 -4 
4 0 -4 4 -4 -4 -4 0 12 12 4 -8 4 4 
-12 4 4 -4 12 -4 4 0 4 8 -4 0 4 4 
-4 -8 4 8 -4 8 4 -4 4 0 4 8 4 -12 
-4 -4 4 8 -4 -4 12 4 -4 0 4 0 4 4 
-4 0 -4 8 -4 4 4 0 4 4 12 -12 4 4 
-4 4 4 0 4 4 -4 0 -4 0 12 -4 4 4 
4 8 -4 -4 -4 -4 4 0 4 -4 4 4 4 12 
4 0 -4 -4 4 0 4 -4 4 4 -4 4 4 12 
4 0 4 -4 -4 -4 -4 8 4 0 4 8 4 -4 
-4 0 4 -8 4 4 4 4 -4 8 -4 0 12 -4 
4 -8 -4 4 4 0 4 0 -4 4 12 8 -4 -4 
-4 0 -4 0 4 12 -4 0 4 -4 12 0 4 -4 
-4 -4 4 -4 4 4 4 8 4 -12 4 8 -4 12 
-4 8 4 -12 4 -8 4 4 4 8 4 4 -4 4 
-4 0 4 0 -4 -4 12 4 -4 8 4 -4 4 4 
-4 0 -4 0 12 0 4 -4 4 4 4 4 -4 4 
4 0 -4 -4 4 -8 4 8 4 8 4 8 -4 -12 
-4 0 4 0 -4 4 4 0 4 8 4 0 4 -12 
-4 -4 4 4 4 -4 4 0 12 0 -4 8 -4 4 
-4 -4 12 0 -4 4 12 -4 -4 8 -4 0 4 4 
-4 4 4 0 4 4 4 -8 4 -4 4 8 -4 4 
4 4 -4 0 12 0 4 -12 -4 4 4 8 -4 4 
4 0 -4 0 -4 -4 4 12 4 0 4 0 4 -4 
-4 4 4 -12 4 4 4 8 4 -4 4 0 -4 12 
4 -8 -4 8 4 0 -4 4 12 4 -4 0 4 -4 
-4 8 4 -8 -4 4 -4 8 12 0 12 -4 -4 -4 
4 0 -4 0 4 8 -4 0 4 4 12 -4 -4 -4 
4 4 -4 -4 4 -4 4 0 12 8 4 0 -12 4 
4 0 4 0 -4 -8 4 12 4 8 4 0 -4 -12 
4 -4 4 8 -4 -4 12 4 -4 0 4 0 -4 4 
4 8 -4 0 -4 0 4 0 12 4 4 0 -4 -12 
-4 12 4 0 4 -4 4 0 4 -4 4 0 -4 4 
4 4 4 8 4 -8 4 -4 4 -4 -4 8 -4 4 
4 4 12 0 -4 4 -4 0 4 0 4 -4 -4 4 
12 12 4 0 4 0 -4 -8 -4 -4 4 4 -4 4 
12 4 4 0 4 8 4 0 -4 0 -4 0 -4 -12 
12 4 -4 0 4 8 12 0 -4 -4 -4 -4 -4 4 
12 4 -4 -4 -4 0 12 8 4 0 -4 -4 -4 4 
12 4 4 8 4 0 -4 0 4 4 -4 -8 -4 -4 
4 4 4 0 4 8 4 0 -4 0 -4 0 4 -12 
4 4 -4 0 4 4 4 8 4 -4 -4 -8 4 4 
4 8 -4 0 -4 0 4 0 12 4 4 0 -4 -12 
4 4 -4 0 12 8 4 -8 -4 0 4 4 -4 -4 
4 -4 4 0 4 8 4 4 -4 -4 4 -4 -4 12 
4 -4 -4 8 4 4 4 0 4 4 -4 -12 4 12 
4 0 -4 0 4 8 -4 0 4 4 12 -4 -4 -4 
4 -4 -4 0 4 12 4 0 4 -4 -4 0 4 4 
4 -4 -4 -4 4 8 12 0 -4 0 -4 4 4 4 
4 0 -4 -8 4 8 4 4 -4 -4 4 4 4 4 
4 8 -12 0 -4 4 4 0 4 -4 4 -4 12 4 
12 0 -4 -4 -4 0 -4 0 4 4 4 4 4 4 
12 4 4 8 4 -8 -4 4 4 0 -4 0 -4 -4 
4 4 12 0 4 0 -4 4 -4 0 4 -4 -4 4 
4 -4 12 8 -4 0 4 4 -4 -4 4 0 -4 4 
4 -4 4 0 4 4 -4 12 4 -8 4 0 -4 4 
4 -4 4 4 -4 0 4 4 4 8 4 -8 -4 4 
4 0 4 0 -4 -8 4 12 4 8 4 0 -4 -12 
4 4 4 0 12 0 -4 -4 -4 8 -4 0 4 -4 
-4 4 4 0 12 -8 4 8 -4 0 -4 4 4 -4 
4 -4 4 0 4 8 4 -4 -12 4 12 0 -4 4 
-4 -4 12 -8 4 12 -4 4 4 0 -4 0 4 4 
-4 -4 4 4 4 0 4 4 -4 8 4 -8 4 4 
4 -4 -4 0 4 0 12 8 -4 -4 -4 4 4 4 
-4 4 -4 -4 4 0 12 8 -4 0 -4 -4 12 4 
4 -4 -4 -4 4 4 4 4 4 0 -4 -4 4 20 
4 0 4 -4 -4 -8 4 4 -4 16 4 -4 4 4 
4 -4 4 8 4 0 -4 -4 4 0 -4 8 4 -4 
4 -8 -4 8 4 0 -4 4 12 4 -4 0 4 -4 
4 -4 4 0 4 8 -4 -4 -4 0 12 4 -4 4 
-4 0 -4 0 12 0 4 -4 4 4 4 4 -4 4 
-4 -4 4 0 4 4 -4 12 4 -8 4 0 4 4 
-4 -8 4 8 -4 8 4 -4 4 0 4 8 4 -12 
-4 0 -4 8 4 -4 -4 4 12 -4 4 0 4 4 
4 -8 4 4 -4 0 -4 -4 12 12 -4 0 4 4 
4 -4 -4 0 12 0 -4 0 -4 12 4 0 4 -4 
4 -4 -4 0 4 0 4 0 4 0 4 12 -4 -4 
4 -12 -4 8 4 -4 4 8 4 4 -4 -4 4 12 
-4 -8 4 0 12 0 -4 8 -4 4 4 4 4 -4 
4 -4 -4 -8 4 12 -4 4 4 0 12 0 -4 4 
4 -4 -4 -8 4 4 4 8 4 4 -4 0 4 4 
-4 0 -4 0 12 4 -4 -4 4 4 4 0 4 4 
4 -8 -4 4 12 0 -4 -4 -4 12 4 0 4 4 
4 -4 -4 -4 -4 8 12 0 4 0 -4 4 4 4 
4 -8 -4 0 4 8 4 0 -4 0 4 12 4 -12 
4 -4 -4 -4 4 4 4 4 4 0 -4 -4 4 20 
4 -8 4 4 -4 8 4 -12 -4 8 4 4 4 4 
4 0 -4 0 4 -4 4 8 -4 -4 -4 4 12 4 
4 0 4 -4 4 0 -4 0 -4 4 -4 4 12 4 
12 12 4 0 -4 -4 -4 0 4 0 4 0 -4 -4 
4 4 4 8 -4 -4 4 0 -4 4 4 -8 4 4 
4 4 -4 0 -4 8 4 0 4 0 4 0 4 -12 
4 4 12 0 -4 4 -4 -8 4 0 -4 8 4 -4 
-4 4 4 0 -4 8 4 -8 12 0 -4 4 4 -4 
-4 8 4 -8 -4 4 -4 8 12 0 12 -4 -4 -4 
4 -4 4 8 -4 4 4 -8 -4 4 4 0 4 4 
-4 0 4 0 -4 4 4 0 4 8 4 0 4 -12 
4 -4 -4 0 4 4 4 4 4 -4 -4 -4 4 20 
-4 4 -4 0 -4 8 12 0 4 -4 -4 -4 12 4 
-4 0 -4 8 -4 4 4 0 4 4 12 -12 4 4 
-4 0 4 -8 4 4 -4 12 4 0 4 -4 4 4 
4 -4 -4 -4 -4 8 12 0 4 0 -4 4 4 4 
-4 12 4 0 4 -4 -4 0 -4 0 4 0 12 -4 
-4 4 -4 8 4 0 -4 0 4 4 4 -8 12 -4 
4 4 -4 0 4 4 -4 -8 -4 0 12 8 4 -4 
-4 0 -4 0 4 12 -4 0 4 -4 12 0 4 -4 
-4 -4 4 0 -4 8 4 4 4 -4 4 -4 4 12 
-4 4 -4 0 -4 8 4 0 4 0 4 0 12 -12 
-4 0 -4 0 4 12 -4 4 4 -8 12 -4 4 4 
-4 4 -4 -4 4 0 12 8 -4 0 -4 -4 12 4 
-4 0 4 4 -4 4 4 0 -4 0 12 -4 4 4 
4 8 -4 4 -4 0 -4 0 4 -4 4 -4 12 4 
4 4 4 8 -4 -12 4 -4 -4 -4 4 8 4 12 
4 -4 -4 8 4 0 -4 -4 4 0 4 8 4 -4 
4 -4 -4 4 4 -4 4 -4 4 8 4 0 -4 12 
4 0 -4 0 -4 -4 4 12 4 0 4 0 4 -4 
-4 -4 12 0 -4 8 -4 -4 4 0 4 4 4 4 
-4 0 4 0 -4 -4 12 4 -4 8 4 -4 4 4 
-4 -4 4 8 -4 0 4 4 -4 -4 12 0 4 4 
-4 0 -4 8 -4 0 4 4 4 0 12 0 4 -12 
4 4 4 0 -4 -4 4 -12 -4 4 4 8 4 12 
-4 -4 4 4 4 -4 4 -4 4 8 -4 0 4 12 
-4 0 4 -8 4 4 4 4 -4 8 -4 0 12 -4 
-4 -4 4 0 4 0 4 0 4 0 -4 12 4 -4 
-4 0 4 -4 4 -4 4 4 4 8 4 -4 -4 12 
4 -4 4 0 -4 -4 4 0 -4 12 4 0 4 4 
-4 -4 12 0 -12 8 4 -4 4 4 4 0 4 4 
4 -4 -4 0 -4 0 12 8 4 -4 -4 4 4 4 
-4 -8 4 8 4 -4 4 8 -4 4 4 -4 4 4 
4 -4 -4 -4 4 8 12 0 -4 0 -4 4 4 4 
-4 0 4 0 4 0 4 8 -4 0 -4 4 12 -12 
4 0 4 4 -4 0 4 -4 -4 8 4 -4 4 4 
-4 4 -4 8 4 -8 -4 4 4 0 4 0 12 -4 
-4 -4 4 4 4 -4 4 -4 4 8 -4 0 4 12 
-4 0 -4 8 -4 4 4 4 4 -8 4 0 12 -4 
-4 4 4 0 -4 0 -4 4 4 0 12 -4 4 4 
-4 0 -4 8 -4 4 12 -4 -4 0 12 -4 4 4 
-4 -4 4 4 4 0 4 4 -4 8 4 -8 4 4 
4 0 -4 12 4 0 -4 -4 4 4 4 -8 4 4 
4 4 -4 0 -4 0 -4 -4 12 8 4 0 4 -4 
4 -4 -4 4 4 -4 4 -4 4 8 4 0 -4 12 
4 -4 4 0 -4 0 -4 0 12 12 -4 0 4 -4 
-4 0 4 -8 12 4 -4 8 -4 4 4 0 4 -4 
-4 0 -4 8 4 8 -4 -4 12 4 -4 -8 12 -4 
4 4 -4 0 -4 -8 4 8 12 0 4 4 -4 -4 
-4 0 4 0 4 4 -4 8 4 -8 12 4 -4 -4 
-4 0 4 4 4 4 4 -4 4 0 4 -4 -4 12 
-4 0 4 8 4 0 -4 8 4 -4 4 -4 4 -4 
4 0 -4 0 4 4 4 0 -4 8 12 0 -4 -12 
4 -4 4 4 -4 0 4 4 4 8 4 -8 -4 4 
-4 8 4 0 4 0 4 0 4 4 -4 0 4 -12 
4 0 4 12 4 0 -4 -4 4 4 -4 -8 4 4 
12 4 -4 -4 -4 0 12 8 4 0 -4 -4 -4 4 
4 8 -4 8 -4 0 4 8 4 -8 4 -4 4 -12 
4 0 12 4 -4 4 4 0 -4 0 4 -4 -4 4 
4 8 4 12 -4 0 4 -4 -4 0 4 -12 4 4 
12 8 4 4 4 0 -4 0 -4 -4 -4 -4 4 4 
12 12 4 -4 -4 -8 -4 0 4 0 4 4 -4 4 
12 4 4 -4 -4 0 -4 0 4 4 -4 0 4 4 
12 4 -4 -4 -4 0 4 4 4 0 -4 0 4 4 
12 4 -4 -12 -4 4 4 8 4 0 4 0 -4 4 
12 4 4 4 -4 -8 -4 0 -4 0 4 8 4 -4 
4 4 4 -4 -4 0 4 4 -4 0 4 -4 4 12 
4 4 -4 0 -4 -8 4 8 12 0 4 4 -4 -4 
12 -4 -4 4 4 0 -4 0 -4 -4 4 8 4 4 
4 4 -4 -4 4 0 4 4 -4 0 -4 0 12 4 
4 -4 4 -4 -4 4 4 8 4 -8 -4 8 4 4 
4 0 -4 -4 4 -8 4 8 4 8 4 8 -4 -12 
4 -4 -4 0 -4 0 12 8 4 -4 -4 4 4 4 
4 0 -4 -12 4 0 4 12 4 8 -4 -4 4 4 
4 4 12 -4 -4 0 -4 -8 -4 8 -4 8 12 -4 
4 -4 4 0 -4 0 -4 0 12 12 -4 0 4 -4 
4 4 4 -4 4 0 -4 -8 -4 0 4 12 4 4 
-4 4 4 -4 4 -4 4 0 4 -4 4 4 -4 20 
-4 4 4 -12 4 4 4 8 -4 0 -4 0 12 4 
-4 0 4 -4 -4 0 12 -4 12 4 -4 8 -4 4 
4 -4 -4 -8 4 4 4 8 4 4 -4 0 4 4 
-4 8 -4 -4 -4 -4 12 0 12 4 4 0 -4 4 
4 -8 -4 4 4 0 4 0 -4 4 12 8 -4 -4 
4 -4 4 -4 -4 8 4 -4 -4 0 4 4 4 12 
-4 -4 4 0 4 0 4 0 4 0 -4 12 4 -4 
-4 -4 4 0 -4 8 4 4 4 -4 4 -4 4 12 
4 -12 -4 8 4 -4 4 8 4 4 -4 -4 4 12 
4 -8 4 0 -4 0 -4 8 12 4 4 4 -4 -4 
4 -4 -4 -4 4 4 4 8 -4 -8 4 8 4 4 
-4 0 -4 -4 12 0 12 -4 -4 4 4 8 -4 4 
-4 0 -4 4 4 -4 12 0 4 -4 4 8 -4 4 
4 -8 -4 -4 4 16 4 -4 4 0 -4 4 4 4 
4 -8 4 0 -4 8 4 0 4 0 -4 12 4 -12 
4 0 4 -8 -4 8 4 4 4 -4 -4 4 4 4 
12 0 -4 0 -4 -4 4 8 4 -4 -4 4 4 4 
4 4 4 4 -4 -8 -4 0 -4 0 4 8 12 -4 
4 4 -4 0 -4 0 -4 -4 12 8 4 0 4 -4 
-4 12 4 -4 4 -8 -4 0 -4 0 4 4 12 4 
-4 4 4 0 -4 0 -4 4 4 0 12 -4 4 4 
-4 8 4 -12 4 -8 4 4 4 8 4 4 -4 4 
4 -4 4 4 -4 0 -4 0 4 -4 -4 8 12 4 
-4 -4 12 0 -12 8 4 -4 4 4 4 0 4 4 
4 -4 -4 -4 4 4 4 8 -4 -8 4 8 4 4 
-4 4 -4 0 -4 8 4 0 4 0 4 0 12 -12 
-4 0 4 -4 4 -8 4 8 4 8 -4 8 4 -12 
4 -4 -4 -8 4 12 -4 4 4 0 12 0 -4 4 
-4 4 -4 8 4 -8 -4 4 4 0 4 0 12 -4 
4 4 -4 -4 4 0 -4 0 -4 4 4 0 12 4 
-4 -4 4 8 -4 0 4 4 -4 -4 12 0 4 4 
-4 4 4 -12 4 4 4 8 -4 0 -4 0 12 4 
-4 -4 4 0 4 4 -4 12 4 -8 4 0 4 4 
-4 0 4 0 4 -8 4 12 -4 8 4 0 4 -12 
-4 4 -4 0 -4 8 12 0 4 -4 -4 -4 12 4 
4 0 -4 -4 4 0 4 -4 4 4 -4 4 4 12 
-4 -8 12 4 -4 0 4 0 4 4 -4 8 4 -4 
4 4 4 -4 -4 0 -4 -8 4 0 4 12 4 4 
-4 -4 12 0 -4 8 -4 -4 4 0 4 4 4 4 
-4 0 4 -4 4 8 4 -12 4 0 4 12 -4 4 
-4 4 4 -4 4 -4 4 0 4 -4 4 4 -4 20 
-4 0 4 0 4 0 4 -4 12 4 -4 4 -4 4 
4 -4 4 -4 -4 4 4 8 4 -8 -4 8 4 4 
-4 -4 12 -8 4 12 -4 4 4 0 -4 0 4 4 
4 -4 -4 0 4 12 4 0 4 -4 -4 0 4 4 
-4 0 4 4 4 -4 12 0 4 -4 -4 8 -4 4 
4 0 4 0 4 4 -4 -4 12 4 -4 0 -4 4 
12 4 -4 -4 -4 0 -4 -8 -4 8 12 8 4 -4 
4 -4 -4 8 4 0 -4 -4 4 0 4 8 4 -4 
-4 4 -4 8 4 0 -4 0 4 4 4 -8 12 -4 
4 -8 -4 8 12 0 -4 4 4 4 -4 0 4 -4 
-4 4 4 0 -4 8 4 -8 12 0 -4 4 4 -4 
4 -4 -4 8 4 4 4 0 4 4 -4 -12 4 12 
-4 0 12 0 4 8 -4 0 4 4 -4 -4 4 -4 
12 4 -4 -12 -4 4 4 8 4 0 4 0 -4 4 
4 4 -4 0 -4 8 4 0 4 0 4 0 4 -12 
4 -4 4 0 4 4 -4 12 4 -8 4 0 -4 4 
4 -8 4 8 4 8 4 -4 -4 0 4 8 -4 -12 
4 4 -4 0 4 4 4 8 4 -4 -4 -8 4 4 
-4 8 4 -4 12 -4 12 0 -4 4 -4 0 -4 4 
-4 8 4 0 12 0 4 0 -4 4 -4 0 4 -12 
4 0 4 8 12 -4 -4 4 4 -4 -4 0 -4 4 
12 8 4 0 4 4 4 0 -4 -4 -12 -4 4 4 
12 4 -4 -4 -4 0 -4 -8 -4 8 12 8 4 -4 
4 4 4 -4 -4 0 -4 -8 4 0 4 12 4 4 
4 4 -4 -4 4 0 -4 0 -4 4 4 0 12 4 
4 -4 4 0 -4 -4 4 0 -4 12 4 0 4 4 
4 0 -4 4 -4 -4 -4 0 12 12 4 -8 4 4 
4 0 -4 -4 4 -4 -4 4 12 8 4 0 -4 4 
4 0 4 -4 -4 -4 -4 8 4 0 4 8 4 -4 
4 -4 4 -4 -4 8 4 -4 -4 0 4 4 4 12 
4 -4 -4 0 4 0 4 0 4 0 4 12 -4 -4 
4 -4 4 4 -4 0 -4 0 4 -4 -4 8 12 4 
4 -8 -4 12 4 -4 -4 0 4 4 4 0 4 4 
-4 0 4 -4 12 -4 -4 4 4 8 -4 0 4 4 
-4 0 4 4 -4 0 4 0 12 0 -4 8 4 -12 
4 -4 -4 0 4 4 4 4 4 -4 -4 -4 4 20 
4 -4 -4 0 4 0 12 8 -4 -4 -4 4 4 4 
4 -8 4 8 -4 -4 4 8 4 4 4 -4 -4 4 
4 0 -4 -4 4 8 4 4 4 0 -4 -4 4 4 
4 0 4 -8 4 4 -4 12 4 0 4 -4 -4 4 
12 0 -4 0 -4 0 4 8 4 0 4 4 -4 -12 
4 8 -4 -4 -4 -4 4 0 4 -4 4 4 4 12 
-4 8 4 -4 -4 4 -4 0 4 0 4 0 12 -4 
4 -4 -4 0 12 0 -4 0 -4 12 4 0 4 -4 
-4 8 -4 4 -4 0 4 0 4 4 12 -8 4 -4 
4 0 4 -8 -4 4 -4 8 12 4 4 0 -4 -4 
-4 12 4 -4 4 -8 -4 0 -4 0 4 4 12 4 
-4 8 -4 4 4 -4 4 -8 4 0 4 4 4 4 
4 4 -4 -4 4 0 4 4 -4 0 -4 0 12 4 
-4 0 4 4 4 4 -4 -4 12 0 -4 0 4 4 
-4 0 12 0 -4 4 4 0 4 8 -4 0 4 -12 
-4 8 -4 4 4 0 12 -4 4 -4 4 0 -4 4 
4 8 -4 0 4 0 4 0 4 4 4 0 -4 -12 
4 4 4 4 -4 -8 -4 0 -4 0 4 8 12 -4 
4 0 -4 4 4 4 -4 0 -4 -8 12 8 4 -4 
-4 0 4 12 -4 0 4 0 4 -4 4 0 4 -4 
4 4 4 -4 -4 0 4 4 -4 0 4 -4 4 12 
-4 4 4 0 12 -8 4 8 -4 0 -4 4 4 -4 
-4 0 12 0 4 4 -4 8 4 -8 4 4 -4 -4 
4 -4 4 0 4 8 4 4 -4 -4 4 -4 -4 12 
4 0 4 8 4 0 -4 8 4 -4 4 -4 -4 -4 
12 4 -4 -4 -4 0 4 4 4 0 -4 0 4 4 
4 0 -4 4 12 4 -4 -4 4 0 4 0 -4 4 
-4 8 -4 12 4 0 4 0 4 -8 4 0 4 -12 
-4 8 4 4 4 0 12 -4 4 -4 -4 0 -4 4 
4 8 -4 4 4 8 4 4 4 -8 -4 -12 4 4 
4 0 12 0 4 12 -4 4 4 -8 -4 -4 -4 4 
4 8 4 8 4 0 4 8 -4 -8 -4 -4 4 -12 
4 4 4 0 -4 -4 4 -12 -4 4 4 8 4 12 
4 4 -4 0 4 4 -4 -8 -4 0 12 8 4 -4 
4 0 4 -4 4 -4 -4 8 -4 0 4 8 4 -4 
12 0 -4 -8 -4 4 4 4 4 8 4 0 -4 -4 
4 0 4 4 -4 -4 4 -4 -4 4 4 -4 4 20 
4 4 4 -4 4 0 -4 -8 -4 0 4 12 4 4 
4 -4 4 0 4 8 -4 -4 -4 0 12 4 -4 4 
-4 8 4 -4 4 0 4 -4 4 0 4 4 -4 4 
4 0 4 0 -4 -4 12 4 -4 8 4 -4 -4 4 
12 -4 -4 4 4 0 -4 0 -4 -4 4 8 4 4 
4 -4 4 8 -4 4 4 -8 -4 4 4 0 4 4 
4 -8 4 12 4 -4 -4 0 4 4 -4 0 4 4 
4 -4 4 0 4 8 4 -4 -12 4 12 0 -4 4 
4 0 -4 4 12 0 4 0 -4 0 4 8 -4 -12 
4 0 4 0 4 4 4 0 -4 8 4 0 -4 -12 
4 4 4 8 -4 -12 4 -4 -4 -4 4 8 4 12 
4 4 12 -4 -4 0 -4 -8 -4 8 -4 8 12 -4 
-4 12 4 0 4 -4 -4 0 -4 0 4 0 12 -4 
4 -4 4 8 4 0 -4 -4 4 0 -4 8 4 -4 
4 0 4 0 4 -4 4 12 -4 0 -4 0 4 -4 
4 4 -4 0 12 8 4 -8 -4 0 4 4 -4 -4 
-4 8 12 -8 12 4 -4 8 -4 0 4 -4 -4 -4 
12 4 4 -4 -4 0 -4 0 4 4 -4 0 4 4 
4 4 4 8 -4 -4 4 0 -4 4 4 -8 4 4 
4 0 4 4 12 -4 -4 0 -4 12 -4 -8 4 4 
4 -4 12 8 -4 0 4 4 -4 -4 4 0 -4 4 
4 4 4 0 4 8 4 0 -4 0 -4 0 4 -12 
4 0 12 8 4 0 4 4 -4 0 -4 0 -4 -12 
12 4 -4 0 4 8 12 0 -4 -4 -4 -4 -4 4 
4 0 12 8 4 4 4 0 -4 4 -4 -12 -4 4 
4 8 4 -4 4 -4 4 0 -4 -4 -4 4 4 12 
4 8 -4 4 4 0 4 -4 4 -4 -4 -4 4 12 
12 4 4 4 -4 -8 -4 0 -4 0 4 8 4 -4 
4 4 12 0 -4 4 -4 -8 4 0 -4 8 4 -4 
4 0 12 4 -4 4 -4 0 4 -8 -4 8 4 -4 
4 4 4 0 12 0 -4 -4 -4 8 -4 0 4 -4 
4 0 4 12 4 0 4 0 -4 -4 4 0 -4 -4 
4 0 12 0 4 12 -4 0 4 -4 -4 0 -4 -4 
12 0 -4 8 12 8 -4 -4 4 4 -4 -8 -4 -4 
12 12 4 -4 -4 -8 -4 0 4 0 4 4 -4 4 
4 8 4 4 4 -4 4 -8 4 0 -4 4 -4 4 
4 4 12 0 4 0 -4 4 -4 0 4 -4 -4 4 
-4 16 4 4 4 0 4 -4 4 -8 4 -4 -4 4 
4 0 12 8 -4 4 12 -4 -4 0 -4 -4 -4 4 
12 4 4 0 4 8 4 0 -4 0 -4 0 -4 -12 
4 8 4 12 4 0 4 0 4 -8 -4 0 -4 -12 
12 12 4 0 -4 -4 -4 0 4 0 4 0 -4 -4 
12 8 4 -4 4 4 -4 0 -4 0 4 0 -4 -4 
12 4 4 8 4 -8 -4 4 4 0 -4 0 -4 -4 
12 0 4 8 4 4 4 4 -4 -8 -4 0 -4 -4 
12 4 4 8 4 0 -4 0 4 4 -4 -8 -4 -4 
4 8 12 4 4 0 4 0 -4 4 -4 -8 -4 -4 
