15 7 7 11 7 -5 -1 7 7 3 -1 3 -1 -5 -9 
15 11 7 -1 7 7 -1 3 -1 3 7 3 -1 -5 -9 
15 15 7 3 -1 -1 -1 3 7 3 7 3 -1 -5 -9 
7 15 -1 11 7 11 -1 3 -1 7 -1 3 -9 -1 -5 
7 3 15 11 -1 7 15 -1 -1 3 -1 -5 -1 -1 -5 
-1 19 7 7 7 3 7 -1 7 -5 7 -5 -1 -1 -5 
7 7 15 3 7 3 -1 7 -1 3 7 -5 -1 -1 -5 
7 11 7 7 7 -1 7 -5 7 3 -1 3 -1 -1 -5 
7 15 7 11 -9 7 -1 3 -1 11 -1 3 -1 -1 -5 
15 15 7 -1 -1 -5 -1 3 7 3 7 3 -1 -1 -5 
7 3 15 3 7 15 -1 3 7 -1 -1 -1 -9 -5 3 
7 3 7 15 7 3 7 3 -1 -1 7 -1 -9 -5 3 
7 3 15 3 -1 15 7 -1 7 3 -9 -1 -1 -5 3 
7 7 7 3 15 3 -1 -1 -1 11 -1 -1 -1 -5 3 
7 3 15 7 -1 7 -1 3 7 -5 -1 7 -1 -5 3 
7 7 15 3 -1 7 -1 -5 7 3 -1 7 -1 -5 3 
15 7 7 7 -1 -5 -1 3 -1 3 7 7 -1 -5 3 
15 3 -1 3 7 7 7 7 7 -1 -9 -5 -1 3 3 
7 11 -1 7 7 3 7 -1 7 -1 -1 -5 -1 3 3 
15 -1 -1 11 15 3 -9 -1 7 7 -1 -5 -1 3 3 
7 11 7 -1 7 -1 7 3 -1 -1 -1 3 -1 3 3 
7 15 -1 11 -1 7 -9 3 -1 7 -1 3 -1 3 3 
15 7 7 7 -1 -5 -1 -5 -1 7 7 3 -1 3 3 
15 11 -1 -1 -1 7 7 -1 -1 -5 -1 3 7 3 3 
15 7 7 3 -1 -1 -1 -1 -1 3 -1 3 7 3 3 
7 11 -1 15 7 11 -1 11 -1 3 -9 -1 3 -1 -9 
15 7 -1 3 7 11 15 3 -1 -5 -1 -1 3 -1 -9 
-1 11 15 -1 15 3 7 3 -1 7 -9 3 3 -9 -1 
7 7 7 3 7 11 7 3 -1 -1 -1 3 3 -9 -1 
-1 11 7 15 -1 11 -1 7 -1 3 -1 3 -5 -1 -1 
7 -1 15 11 -1 3 7 7 -1 -5 7 3 -5 -1 -1 
7 3 7 7 15 -1 -1 3 -1 11 -1 -5 3 -1 -1 
7 7 7 11 -1 -1 7 3 -1 3 7 -5 3 -1 -1 
15 7 7 -1 -1 3 -1 3 7 3 -1 3 3 -1 -1 
7 11 -1 11 7 11 -1 7 -1 7 -1 -1 -5 -5 -1 
-1 11 7 7 7 11 -1 11 -9 7 -1 -1 3 -5 -1 
7 7 -1 3 15 11 7 -5 -1 -1 7 -1 3 -5 -1 
-1 11 7 11 -1 7 7 7 -1 3 -1 -1 -5 3 -1 
-1 15 -1 11 7 3 7 -1 -1 3 -1 7 -5 3 -1 
-1 11 7 7 7 7 -9 11 -1 3 -1 -1 3 3 -1 
-1 15 7 3 7 -1 7 -5 7 -5 7 -1 3 3 -1 
7 15 -1 7 -1 3 -1 3 -1 3 -1 7 3 3 -1 
7 3 7 3 7 -1 7 15 -1 -1 -1 -5 3 -5 7 
-1 11 7 7 -1 11 -1 7 -1 7 -9 3 3 -5 7 
7 -1 7 11 7 3 -1 -1 7 -1 -1 3 3 -5 7 
-1 15 7 3 7 -1 -1 3 -1 -1 7 -5 11 -5 7 
7 7 15 -1 -1 3 -1 -5 -1 7 -1 3 11 -5 7 
7 11 -1 7 -1 7 -1 7 -9 3 -1 3 3 3 7 
7 7 7 11 -1 -9 7 -1 -1 -5 7 3 3 3 7 
7 15 7 7 -9 3 -9 -1 -1 3 -1 11 3 3 7 
15 3 -1 3 7 11 7 -1 -1 7 7 -1 -5 -1 -5 
7 3 7 3 7 7 7 3 -1 7 -1 -1 3 -1 -5 
7 3 -1 7 15 3 7 3 -1 -1 -1 7 3 -1 -5 
-1 11 -1 15 -1 11 -1 7 -1 3 -1 -1 3 7 -5 
7 -1 7 3 7 11 7 -1 -9 3 7 -1 3 7 -5 
7 -1 7 11 -1 7 7 -5 -1 3 -1 -1 11 7 -5 
15 -1 -1 7 7 3 -1 3 -1 -5 -1 7 11 7 -5 
7 3 7 3 -1 -1 15 7 -1 7 -1 -5 -5 7 3 
-1 11 7 -1 7 3 7 -1 7 -1 -1 3 -5 7 3 
7 -1 7 3 7 11 -1 -1 -1 -1 7 3 -5 7 3 
-1 11 7 -1 15 -9 7 3 -1 7 -9 3 3 7 3 
7 7 7 -1 7 3 -1 -5 -1 -1 -1 11 3 7 3 
7 3 7 7 -1 -1 7 -1 -1 3 -1 -5 3 15 3 
7 7 15 -1 -1 3 -9 -1 -1 -5 7 3 3 15 3 
7 11 -9 7 -1 11 -1 7 -1 7 -1 -1 -5 3 11 
7 3 7 -1 7 -1 -1 11 -1 -1 -1 -1 3 3 11 
7 7 -1 3 7 7 -1 -5 -1 -1 7 -1 3 3 11 
15 -1 -1 7 7 3 -1 -5 -9 -1 7 7 3 3 11 
7 11 -1 7 -9 7 -1 7 -1 3 -9 -1 3 11 11 
7 7 7 3 -1 -1 7 -9 -1 3 -1 -1 3 11 11 
7 3 15 3 7 15 -1 3 7 -5 3 -1 -9 -1 -1 
7 11 -1 7 7 11 7 3 7 -5 3 -9 -1 -1 -1 
15 7 -1 -5 7 11 15 11 -1 -5 -5 -1 -1 -1 -1 
7 3 7 19 7 -5 7 7 7 -9 3 3 -1 -9 -1 
-1 11 7 11 7 7 -1 11 -1 -1 3 3 -9 -1 -1 
-1 11 7 7 7 3 15 -5 7 -1 3 -5 -1 -1 -1 
7 7 -1 11 -1 11 7 11 -1 -1 -5 3 -1 -1 -1 
7 7 -1 11 -1 7 -1 11 -1 3 3 3 -9 -1 7 
15 7 -1 -1 -1 3 7 3 7 3 3 -5 -1 -1 7 
7 3 7 11 7 3 -1 7 7 -1 3 -1 -1 3 -9 
-1 3 15 7 -1 11 7 3 -1 -1 11 -9 -1 11 -9 
7 -1 7 3 7 11 7 3 -1 -1 3 -1 -1 11 -9 
-1 3 15 3 7 7 -1 7 7 -5 3 7 -9 3 -1 
-1 7 7 3 15 -5 7 7 -1 3 -5 7 -1 3 -1 
7 7 7 -1 -1 3 7 3 -1 3 3 -1 -1 11 -1 
7 -5 7 11 7 -1 -1 15 7 -9 3 3 -1 3 -1 
-1 3 7 15 -1 3 7 -1 7 -1 3 -5 7 3 -1 
-1 3 15 -1 7 7 -1 3 -1 -1 11 -5 -1 11 -1 
-1 7 7 11 -1 7 -9 11 -1 -1 3 3 -1 11 -1 
7 3 -1 7 7 7 -1 -1 -1 -5 11 3 -1 3 7 
7 -1 7 11 7 -9 -1 7 -1 -5 3 11 -1 3 7 
7 7 7 7 -1 -5 -1 -1 -1 3 3 3 7 3 7 
7 11 -1 3 7 3 7 -1 7 -1 11 -1 7 -9 -5 
-1 11 7 3 -1 15 -1 3 7 -1 3 7 -1 -1 -5 
-1 3 15 3 -1 7 7 -1 7 3 3 -1 7 -9 3 
-1 3 7 7 7 7 -1 -5 15 -5 3 -1 7 -1 3 
-1 7 7 3 -1 15 -1 3 -1 3 -5 7 7 -1 3 
7 7 -1 -1 7 3 7 3 -1 -5 3 -1 15 -1 3 
-1 11 -1 11 -1 -1 7 7 7 -1 3 3 -1 -1 3 
-1 7 -1 11 7 3 -1 7 -1 -1 3 3 7 -1 3 
-9 19 -1 7 7 -1 7 -5 7 -1 3 3 -1 7 3 
-1 15 -1 7 -1 3 7 -5 -1 -1 3 3 7 7 3 
-1 7 7 11 -1 -1 -1 7 -9 3 3 3 7 -1 11 
-1 15 7 -1 7 -5 -1 -1 -1 -5 11 -5 15 -1 11 
7 3 7 -5 -1 7 -1 7 15 -1 3 -1 -1 3 3 
7 -1 -1 3 15 3 -1 -1 -1 7 3 -1 7 3 3 
-1 7 7 3 -1 15 -9 3 -1 -1 3 7 -1 11 3 
7 -1 7 7 -1 3 7 -5 -9 -1 11 -1 7 11 3 
-1 11 7 -1 -1 7 -1 -1 7 -5 3 -1 7 3 11 
-1 7 15 -5 7 -1 -1 -1 -1 3 -5 7 7 3 11 
-1 15 7 -1 7 -5 -1 -1 -9 3 3 -1 15 3 11 
7 11 -1 -1 -1 -1 7 -1 7 -9 3 -5 7 11 11 
7 7 -1 11 -1 -1 -9 7 -1 -1 -5 3 7 11 11 
15 3 -1 3 -1 3 7 7 -1 -1 11 15 3 -9 -9 
7 3 7 -5 7 7 -1 11 -1 -1 11 7 3 -1 -9 
7 -5 7 11 -1 -1 7 7 -1 3 11 7 -5 -1 -1 
7 -5 -1 7 15 7 -9 3 7 3 3 -1 3 7 -1 
7 -1 -1 3 7 7 7 3 -1 -5 3 7 3 7 -1 
-1 3 7 7 -1 3 7 -1 7 -1 3 11 3 -9 7 
-1 3 7 -1 15 -1 -1 3 -1 7 3 3 3 -1 7 
-1 7 -1 11 -1 7 -1 11 -9 -1 3 11 3 -1 7 
7 -1 7 -1 -1 11 7 -5 -1 -1 -5 11 11 -1 7 
7 -5 -1 15 7 -1 -1 -1 -1 3 11 3 -5 -1 15 
7 -1 7 7 -1 3 -1 -1 -1 -5 3 11 3 -1 15 
15 -1 -1 7 7 -1 -9 -5 -1 3 3 3 3 7 15 
7 3 7 -5 -1 -1 -1 15 7 -1 11 7 -5 3 -1 
7 -1 -1 3 7 3 7 -1 -1 -1 3 15 3 3 -1 
-1 7 7 -5 7 7 -1 3 -1 -9 11 7 3 11 -1 
7 -1 7 -1 -1 11 7 -5 -9 -1 3 7 11 11 -1 
-1 11 -1 7 -1 7 -9 7 -1 3 3 7 -5 11 7 
-1 7 7 3 7 -9 7 -1 -1 -5 3 15 -5 11 7 
-1 15 -1 7 -1 3 -1 -1 -9 3 -5 15 3 11 7 
7 3 7 -1 -1 -1 -1 7 -1 -1 3 3 3 3 15 
7 11 -9 -1 -1 3 7 -1 7 -1 11 7 11 -1 -5 
7 3 -1 -1 7 -1 -1 3 7 -1 3 7 11 7 -5 
7 3 -1 7 -1 -1 -1 -1 7 3 3 -1 11 7 3 
7 -1 7 3 -1 -1 7 -1 -9 3 3 7 11 7 3 
7 7 -1 -1 7 3 -1 -1 -9 -5 3 7 19 7 3 
7 11 -1 -1 -1 -9 7 -1 7 -1 3 3 3 7 11 
7 7 -1 11 -9 -1 -1 7 -9 -1 3 11 3 7 11 
15 11 -1 -9 -9 -1 -1 7 7 -1 3 -1 3 11 11 
15 7 -1 -5 -1 -1 -1 -1 -1 -1 3 7 3 11 11 
7 11 7 11 -1 11 -1 7 3 3 -9 -1 -1 -1 -1 
7 11 -1 7 -1 11 7 11 3 3 -9 -1 -9 -1 7 
-1 11 7 3 15 -1 7 3 3 7 -9 3 -1 -1 -1 
7 7 -1 3 7 3 7 11 11 -1 -9 -5 -1 7 -1 
7 -5 7 11 7 7 7 -1 3 3 -1 3 -1 -1 -1 
-1 11 -1 7 7 11 -1 7 3 3 -1 3 -9 7 -1 
7 -1 7 3 7 3 -1 15 11 -5 -1 -5 -1 7 -1 
7 3 -1 -1 15 7 7 -5 3 11 -1 3 -9 -1 7 
7 7 -1 3 -1 7 7 3 11 3 -1 -5 -1 -1 7 
-1 3 15 3 7 7 -1 3 11 -1 -1 -1 7 -5 -1 
-1 3 7 15 -1 3 7 11 -5 7 -1 -1 -1 3 -1 
7 -1 -1 11 7 3 7 3 11 -1 -1 -9 7 3 -1 
-1 7 -1 11 7 3 -1 7 11 3 -9 -1 7 3 -1 
-1 3 7 7 -1 15 -1 3 3 3 -1 7 -1 -5 7 
-1 7 7 3 -1 7 7 -5 19 -5 -1 -1 7 -5 7 
7 7 -1 7 -9 3 7 11 3 3 -1 -1 -1 3 7 
-1 3 -1 15 7 3 -1 7 3 7 -9 3 7 11 -9 
-1 3 7 -1 15 -1 7 3 -5 7 -1 3 7 3 -1 
-1 7 -1 11 7 -1 -1 3 11 -1 -1 -5 15 3 -1 
7 -1 7 7 -1 -5 7 3 3 7 -1 -5 7 11 -1 
7 3 -9 7 7 15 -1 -1 -5 3 -1 11 7 3 -1 
7 -1 -1 11 7 -1 -1 -1 11 -5 -1 3 15 3 -1 
7 7 -1 7 -1 3 -9 7 3 3 -1 3 7 11 -1 
15 7 -1 -1 -1 -1 -1 -5 3 3 7 3 7 3 7 
7 3 7 3 7 3 -1 -1 11 7 -1 7 -1 -1 -5 
-1 3 7 7 7 -5 15 3 3 -1 -1 15 -9 -1 3 
7 -1 -1 3 7 11 7 3 3 -1 -1 7 -1 -1 3 
-9 11 7 7 -1 11 -1 7 3 3 -1 7 -1 -1 3 
-1 -1 15 -5 7 11 -1 7 3 3 -1 -1 7 -1 3 
7 -1 7 -1 -1 3 7 11 3 -5 -1 7 -1 -1 11 
-1 3 7 3 7 -1 7 -1 11 7 -9 11 -1 7 -5 
-1 -1 7 3 15 3 -9 7 11 -1 -1 3 -1 15 -5 
-1 3 7 -1 7 7 7 -9 3 3 -1 11 -1 7 3 
-1 -1 15 3 -1 7 -1 -1 3 3 -1 3 7 7 3 
7 7 7 -1 -1 -1 -1 -5 3 3 -1 11 -1 7 11 
-1 3 -1 15 -1 3 -1 7 3 7 -1 7 -1 3 3 
-1 -5 15 7 -1 -1 7 3 3 -1 -1 15 -1 -5 11 
-1 -1 7 11 -1 7 -1 -5 11 -1 -1 7 7 -5 11 
-1 7 7 7 -1 3 -9 7 -5 3 -1 7 7 3 11 
7 3 -1 -1 7 -1 7 -1 3 -1 -9 11 7 11 3 
7 -1 7 7 7 -5 -9 -1 3 -1 -1 3 7 19 3 
7 11 -1 3 -1 3 -1 7 3 7 7 7 3 -1 -9 
-1 11 7 -5 7 -1 7 3 3 7 7 -1 11 -9 -1 
-1 11 -1 -1 7 3 7 11 -5 7 -1 7 3 -1 -1 
-1 3 7 11 -9 7 7 -1 3 11 7 -1 3 -1 -1 
-1 7 -1 3 -1 11 7 7 3 -5 7 -1 3 7 -1 
-1 3 -1 7 7 7 -1 3 3 11 -1 -1 3 -1 7 
7 7 -9 -1 -1 11 7 11 3 -5 -1 -1 3 7 7 
-1 3 7 3 7 -9 7 7 3 7 7 3 3 -1 -1 
-9 11 7 -1 7 3 -1 7 3 7 -1 11 -5 7 -1 
-1 -1 7 3 7 3 -1 7 11 -9 7 3 3 7 -1 
-1 7 7 -9 7 3 7 3 3 -1 -1 3 3 7 7 
-1 3 -1 7 7 7 -1 -1 -5 11 7 3 -5 7 7 
-1 -1 7 11 -1 -1 7 -1 3 -5 15 -5 3 7 7 
7 7 -1 -1 7 -1 -1 -5 3 3 7 -5 3 7 15 
-1 11 -1 3 -1 -1 -1 7 11 7 7 -1 11 -5 -1 
-1 7 -9 11 7 3 -1 -1 11 -1 7 -1 11 3 -1 
-1 7 -1 7 -1 3 7 3 -5 -1 7 -1 11 3 7 
-1 15 -1 7 -1 -1 -1 -5 3 -5 7 -1 11 3 15 
-1 11 -1 -1 7 -1 -1 7 -5 7 -1 3 11 3 7 
-1 7 7 7 -1 3 -9 -1 3 -1 -1 3 11 11 7 
-1 11 -1 -1 -1 3 -1 7 3 7 7 15 -5 7 -5 
7 -1 -1 -5 7 11 -1 -1 3 -1 15 7 3 7 -5 
-1 3 7 -1 7 -9 7 3 3 7 -1 15 3 -1 3 
-1 7 -1 3 -1 7 7 -5 3 -1 7 7 11 -1 3 
7 -1 -1 -1 7 3 7 3 -5 -9 7 15 3 7 3 
-1 3 7 7 -9 7 -1 -1 3 11 -1 7 3 7 3 
-1 -1 15 3 -9 7 7 -9 3 3 7 -1 11 7 3 
-1 7 7 -1 -1 11 -9 7 -5 -5 7 7 3 15 3 
7 -1 7 7 -1 -1 -1 -5 3 -5 -1 7 11 7 11 
-1 7 7 3 -1 -1 -1 -1 3 -1 7 3 3 15 3 
7 11 -1 -1 -9 -1 -1 7 3 7 -1 7 3 3 11 
7 7 -1 3 -1 -1 -1 -9 11 -1 7 -1 11 3 11 
7 7 -1 7 -1 3 -9 -1 -5 -1 7 7 3 11 11 
7 3 7 -5 -1 7 -1 3 11 7 3 7 -1 -1 -1 
7 3 -1 -1 -1 3 15 3 3 7 3 -1 -1 7 -1 
7 -5 7 3 -1 7 -1 -1 11 11 3 7 -1 -9 7 
-1 11 -9 7 -1 11 -1 7 3 11 3 -1 -1 -1 7 
7 -1 -1 -5 7 3 7 15 3 3 -5 -1 7 -1 7 
7 -1 -1 -5 -1 15 7 3 11 3 -5 -1 -1 -1 15 
7 -5 -1 11 7 -9 -1 7 11 7 3 11 -1 -1 -1 
-1 3 -1 7 7 -5 7 -1 11 7 3 3 -1 7 -1 
-1 3 -1 -1 15 -1 7 -5 3 15 3 3 -9 7 7 
7 -1 -1 -1 -1 3 15 3 3 7 -5 -5 -1 15 7 
7 -9 -1 11 7 -1 -1 7 3 3 3 3 -1 -1 15 
7 -1 -1 -1 7 3 -1 7 3 3 3 -5 -1 7 15 
7 -5 7 3 -1 -1 -9 7 19 7 3 7 7 3 -9 
-1 3 -1 15 -9 3 -1 7 3 15 3 -1 7 11 -9 
-1 -5 15 -1 -1 7 -1 3 3 7 11 -1 -1 11 -1 
-1 -1 7 3 -1 7 -1 3 11 -1 3 -1 7 11 -1 
-1 3 -1 7 -1 15 -9 -1 3 11 3 7 -1 3 7 
-1 -1 7 3 7 -1 -1 -1 11 3 -5 7 7 3 7 
-1 7 -1 7 -1 3 -1 7 -5 11 -5 -1 7 11 7 
7 -1 7 -1 -1 7 -1 -5 3 3 3 -1 -1 11 15 
7 -5 -1 7 7 -1 -1 -1 3 7 3 3 7 11 -1 
7 -1 7 7 -1 -1 -1 -5 -5 7 3 -5 7 19 7 
-1 11 -1 -1 -1 -5 7 -1 11 7 11 7 7 -1 -5 
7 -1 -1 -5 7 3 -1 7 3 7 3 7 15 -1 -5 
-1 3 7 -1 -1 -1 7 -5 11 7 3 15 -1 -1 3 
-1 7 -1 3 -9 15 -1 3 3 7 -5 15 7 -1 3 
7 -1 -1 -1 -1 3 15 3 -5 -1 3 7 7 7 3 
7 -1 7 -1 -1 7 -1 -5 3 3 -5 7 7 -1 19 
-1 7 -1 11 -1 -1 -9 7 3 7 -5 11 7 7 3 
-1 7 7 -1 7 -5 -1 -1 3 -1 3 3 7 15 3 
-1 15 -1 7 -1 -1 -1 -5 -5 7 -5 11 -1 15 11 
7 3 7 -1 -9 -1 -1 -1 11 7 3 7 7 3 3 
7 -1 7 3 -1 -1 -9 -1 11 7 -5 7 15 3 3 
7 -1 7 7 -1 -5 -1 -1 -5 7 3 -1 15 11 3 
7 3 -1 -9 7 -1 -1 3 3 15 11 7 3 -1 -1 
7 7 -9 -5 -1 7 7 3 3 -1 11 7 11 -1 -1 
7 -1 -1 3 -1 -1 7 -1 3 3 11 7 3 -1 7 
7 7 -9 -1 -1 11 -1 7 -5 3 3 7 3 7 7 
15 -1 -9 -1 7 7 -1 -5 3 3 3 -1 3 7 15 
7 3 -1 -1 7 -9 -1 -1 3 15 11 11 -5 -1 7 
7 -1 -1 11 -1 -9 -1 7 3 -1 11 11 3 -1 7 
7 -1 7 -1 -1 3 -1 -1 3 -1 3 11 3 7 7 
7 7 -1 -1 7 -1 -1 -5 -5 7 3 3 3 7 15 
7 7 -1 3 -1 -9 -1 -1 11 -1 11 7 11 3 -1 
7 7 -1 7 -9 3 -1 -1 -5 7 3 7 11 11 -1 
7 7 7 -1 -1 -1 -1 -5 -5 -1 11 -1 11 11 7 
15 7 -1 -1 -1 -1 -1 -5 -5 -1 3 15 11 7 3 
15 11 7 3 7 3 3 3 -1 -1 -1 -9 -1 -1 7 
7 11 7 11 -1 3 11 -1 -1 3 -1 -9 -1 7 -1 
7 3 15 3 -1 7 11 3 -1 3 -1 -9 -1 7 -1 
7 11 -1 7 -1 3 11 11 7 -5 -1 -9 -1 -1 7 
7 3 7 11 7 3 3 -1 7 -1 -1 -5 7 -1 -1 
-1 11 7 3 7 7 3 11 -9 7 -1 -5 7 -1 -1 
-1 11 7 -1 7 3 11 3 7 -1 -1 -5 7 -9 7 
7 7 -1 3 -1 11 3 11 7 7 -9 -5 -1 -1 7 
-1 11 -1 7 -1 11 11 -1 7 -5 7 -5 7 -1 -1 
7 -1 7 3 -1 3 11 7 7 3 -1 -5 -1 7 -1 
7 3 -1 -1 7 7 11 3 -1 3 7 -5 7 -1 -1 
7 7 -1 3 -9 7 11 11 -1 11 -1 -5 -1 7 -1 
7 3 -1 11 15 3 -5 -1 7 7 -1 -1 -1 3 -1 
-1 3 15 -5 15 7 -5 11 -1 -1 7 -1 -1 3 -1 
-1 3 7 7 7 3 3 11 -1 -1 7 -1 -1 -5 7 
7 -1 -1 3 15 3 3 3 7 7 -1 -1 -9 3 7 
-1 3 7 3 7 7 11 -1 -1 3 -1 7 -1 11 -9 
-1 3 7 -1 7 7 3 11 -1 -5 7 7 -1 3 -1 
7 7 -1 -1 -1 -5 11 11 7 3 -1 7 -9 3 7 
7 -5 -1 3 15 7 3 7 -1 -1 -1 3 15 3 -9 
-1 3 -1 7 7 11 3 -1 7 -1 -1 3 15 -5 -1 
-1 7 -1 3 7 7 -5 11 -1 7 -1 3 7 3 -1 
7 -1 7 -1 -1 3 3 3 7 7 -1 3 7 -5 7 
7 -1 -1 3 7 -1 11 -1 -1 3 -1 11 7 11 -9 
7 7 -1 -1 -1 3 3 -1 7 3 -1 11 7 3 -1 
15 7 -1 -9 -1 -1 3 3 -1 3 7 11 7 3 -1 
7 3 -1 11 7 3 3 -9 7 7 15 -9 -1 -1 3 
-1 3 7 11 -1 7 3 3 -1 7 7 -1 -1 -1 3 
-1 -1 7 3 7 3 11 -1 -1 11 7 -9 -1 7 3 
-1 -5 7 15 -1 -1 11 3 7 -5 7 -1 7 -1 3 
-1 -1 7 11 -9 7 11 3 -1 11 -1 -1 -1 7 3 
7 -1 -1 7 -1 -5 11 11 7 -5 7 -1 -1 -1 11 
-1 3 -1 11 -1 7 11 -1 -1 7 7 -5 7 7 -5 
-1 -1 -1 11 7 11 -5 -1 7 7 7 -5 -1 7 3 
-9 11 -1 7 7 -1 11 3 -1 -1 7 3 7 -1 3 
-1 7 -1 7 -1 3 3 3 7 -1 7 3 -1 -1 11 
-1 7 7 -1 -1 3 3 -1 7 -5 15 -5 7 7 3 
7 7 -1 7 -9 -1 3 3 -1 3 7 3 7 7 3 
7 -5 -1 3 7 7 3 -1 7 7 7 -1 -1 3 3 
-1 3 -9 15 7 3 3 -1 7 -1 15 -1 -1 -5 11 
-1 -1 -1 11 7 7 -5 3 -1 7 7 7 -9 3 11 
-1 3 -1 7 -1 7 11 -1 -1 -5 7 7 7 3 3 
-1 -1 7 3 7 -1 11 -9 -1 11 -1 7 -1 11 3 
-1 7 -1 7 7 -5 3 -1 -1 3 7 7 -1 3 11 
7 -1 -9 11 7 7 -5 -1 -1 7 -1 3 7 11 3 
7 -1 -1 7 7 3 -5 -9 7 -1 7 3 7 3 11 
7 7 -1 7 -1 -1 -5 3 -9 -1 7 11 7 3 11 
7 3 7 3 -1 3 3 -1 -1 15 7 -1 3 -1 -1 
7 -1 -1 -5 7 11 11 3 -1 7 -1 -1 3 -1 7 
-1 -5 7 7 7 -1 3 11 -1 11 -1 -9 11 7 -1 
-1 -1 15 -1 -9 11 3 -1 7 3 -1 3 3 7 7 
7 -1 7 -1 -1 -1 3 3 -1 11 -1 -5 11 7 7 
-1 3 7 -5 7 -1 3 7 -1 15 7 -1 3 3 -1 
-1 -1 -1 3 15 3 3 -9 7 15 -1 7 -5 3 7 
-9 7 7 -5 15 -1 3 3 -1 7 7 -1 3 3 7 
-1 -1 7 -1 7 3 3 3 -1 7 -1 7 3 -5 15 
-1 7 7 -1 7 -9 3 3 -1 3 -1 7 3 11 7 
-1 -1 7 3 7 -1 3 -1 -1 7 -1 3 11 3 7 
-1 3 -1 7 -1 3 3 -1 7 7 15 -1 3 -1 3 
-1 -5 7 7 7 -9 3 11 -1 7 7 -1 11 -1 3 
-1 -1 -1 11 -1 7 3 3 -9 15 7 -1 3 7 3 
7 -9 -1 7 7 3 3 3 -1 -1 7 7 3 -1 11 
-1 -1 7 7 -1 3 3 -1 -1 3 7 -1 3 15 3 
7 -9 7 15 -1 -9 3 3 -1 3 -1 -1 11 15 3 
-1 3 7 -1 -1 -1 11 -1 -1 7 7 -5 11 7 3 
-1 -1 15 -1 -1 11 -5 -9 7 -1 7 3 3 7 11 
-1 7 7 7 -1 -1 -5 3 -9 7 -1 3 11 7 11 
7 3 -1 -1 -1 -1 3 7 -1 7 7 -1 3 3 11 
7 -1 7 7 7 -9 -5 3 -9 -1 7 7 3 3 19 
7 11 -1 3 -1 -5 3 -1 15 -1 11 -1 7 -1 -1 
-1 11 7 -5 -1 7 -5 11 7 -1 11 -1 -1 7 -1 
-1 3 7 3 -1 -1 11 -1 7 3 11 -1 -1 7 -1 
-1 7 -1 -5 7 -5 19 7 7 3 -5 -1 -1 7 7 
-1 3 -1 -1 7 7 3 3 15 -5 11 -9 -1 7 7 
-1 3 -1 11 -1 -1 3 7 7 -1 11 3 7 -1 -1 
-1 -1 -1 11 -1 3 3 7 15 -1 -5 3 7 -1 7 
-9 11 -1 -1 7 7 3 3 7 -1 11 -5 7 -1 7 
-1 -1 -1 11 -1 -1 11 7 -1 3 3 3 -1 7 7 
-1 7 -1 -1 -1 3 11 -1 15 -5 3 -5 7 -1 15 
7 7 -9 -1 -1 7 3 3 7 3 3 -5 -1 7 15 
-1 -1 -1 3 15 -5 3 -1 15 7 -5 7 -1 11 -1 
-1 -1 7 -1 -1 3 11 3 7 -1 3 -1 -1 11 7 
-9 11 -1 -1 7 7 3 -1 7 -5 11 7 -1 11 -1 
-1 7 7 -9 7 -1 3 3 7 -5 3 7 -9 19 7 
-1 3 -1 -1 7 7 3 -1 7 -9 11 3 15 3 -1 
-1 -1 -1 11 7 -1 -5 7 7 -1 -5 11 7 11 -1 
-1 -1 7 7 -1 3 3 -9 15 -1 -5 3 15 3 7 
-1 7 7 -1 -1 7 -5 3 -1 -1 3 3 7 11 7 
7 7 -1 -1 7 -1 3 -9 -1 -5 3 11 7 11 7 
-1 7 -9 3 7 3 3 -1 7 7 11 -1 7 -1 3 
-9 7 7 3 -1 -1 11 -1 -1 11 3 -1 7 7 3 
-1 7 -1 7 -1 -1 3 3 7 -5 3 -1 7 7 11 
-1 7 -1 3 7 -1 -5 -1 7 7 3 7 -1 11 3 
-1 7 -1 7 7 -5 3 -9 7 -1 11 -1 7 3 11 
-1 7 7 7 -1 -1 -5 3 -1 -9 11 7 -1 11 11 
-1 11 -1 -1 -9 3 3 -1 15 7 11 7 11 -9 -1 
7 -1 -1 -5 -1 3 11 -1 7 7 3 15 3 -1 -1 
-1 3 7 -9 7 -1 -5 11 7 7 11 -1 11 -1 -1 
-1 7 -1 -5 -1 7 3 11 -1 7 3 7 3 7 -1 
7 -1 -1 -9 -1 11 11 3 7 -1 -5 7 11 -1 7 
-1 3 -1 7 -1 -1 3 -1 7 11 11 -1 3 7 -1 
-1 7 -1 -1 -1 3 11 -1 7 3 -5 7 3 7 7 
7 -1 -1 -1 7 -1 3 3 7 3 -5 -1 3 15 7 
-1 3 7 -1 -1 -1 3 -1 7 7 11 3 11 -9 7 
-1 -1 7 11 -9 -1 3 7 -1 7 3 11 3 -1 7 
-1 7 7 -1 -1 7 -5 3 -1 7 -5 3 11 -1 15 
7 -1 7 7 -1 -1 3 -9 -1 3 3 3 3 7 15 
-1 11 7 -9 -1 -1 -5 7 7 7 11 7 3 3 -1 
-1 7 7 -1 -1 3 3 -9 7 7 -5 15 3 3 7 
-1 7 15 -9 7 -1 -5 3 -1 -1 3 7 3 11 7 
7 7 -1 3 -9 -1 3 -1 -1 15 11 7 3 7 -5 
7 7 -1 -1 -1 3 3 -9 7 -1 11 7 11 -1 3 
7 7 -1 7 -1 -1 -5 3 -1 -1 3 7 11 7 3 
7 7 7 7 -1 -9 3 -9 -1 3 3 -1 11 15 3 
15 3 -1 3 -1 -5 -5 7 11 7 -1 -1 7 7 -1 
7 3 7 -5 -1 -1 3 11 3 7 -1 -1 7 -1 7 
7 -5 7 3 -9 7 11 -1 3 11 -1 -1 7 7 -1 
7 -5 -1 -1 -1 7 11 11 3 3 -1 -1 -1 -1 15 
7 -5 -1 3 7 -1 3 7 3 7 -1 3 15 7 -9 
-1 3 -1 -1 7 3 3 7 11 -1 -1 3 7 7 -1 
-1 7 -9 3 -1 7 3 19 3 7 -9 -5 7 7 7 
7 -9 -1 3 -1 7 11 7 3 3 -1 -5 7 15 -1 
-1 -5 7 -1 7 -1 3 19 -5 -1 7 7 7 -5 7 
-1 -1 -1 3 7 -1 3 11 11 -1 -1 -1 7 3 7 
-1 3 -9 7 -1 15 3 7 -5 3 -1 15 7 3 -1 
-1 -1 -1 3 7 -1 11 -1 11 3 -9 7 7 11 -1 
-1 7 -9 7 -1 3 3 15 3 3 -9 7 -1 11 7 
7 -1 -1 -1 -1 -1 11 11 3 -5 -1 7 -1 3 15 
7 -1 -1 -1 7 -1 3 11 -5 -1 -1 3 15 3 7 
7 -5 7 3 -9 -1 3 -1 11 15 7 7 7 -1 -5 
-1 3 -1 7 -1 -5 3 7 11 -1 15 7 -1 -1 3 
7 -9 -1 3 7 3 -5 7 11 7 7 -1 -1 7 3 
-1 -1 -1 11 -9 7 3 11 3 7 -1 7 -1 -1 11 
-1 -5 7 7 -9 7 11 -1 3 3 7 7 7 -1 3 
-1 -1 7 -1 -1 3 3 15 3 -5 7 -1 -1 7 11 
-1 3 -1 -1 7 -1 11 -1 3 -1 7 11 7 7 -5 
-1 -1 -1 11 -1 7 -5 7 3 7 -1 3 7 15 -5 
-1 7 -1 7 -1 -1 3 11 -5 -1 -1 11 -1 7 11 
7 -1 7 -1 -1 7 3 -1 -5 -5 7 3 7 15 3 
7 -5 -1 7 -1 -1 3 7 3 -1 7 15 7 -5 3 
7 -9 -1 11 7 -1 -5 -1 11 7 -1 7 7 3 3 
7 -9 -1 15 7 -5 -5 7 3 -1 7 7 -1 3 11 
7 -1 7 7 -1 -1 3 -1 -5 -5 -1 15 7 3 11 
-1 11 -1 -1 -9 3 -5 15 3 15 7 7 3 -1 -1 
7 -1 -1 -5 -1 3 3 7 11 7 7 -1 3 7 -1 
-1 7 -1 -5 -1 -1 11 11 3 7 7 -9 11 -1 7 
-1 3 -1 7 -9 7 3 7 -5 19 7 -1 3 7 -1 
-1 7 -1 -1 -9 11 3 15 3 3 -1 -1 -5 15 7 
-1 -1 7 3 -1 -1 3 7 3 7 7 -5 11 7 -1 
-1 -1 15 -9 -1 11 -5 7 11 -1 -1 3 3 7 7 
7 -1 7 -1 -1 7 3 -1 -5 3 7 -5 3 15 7 
-1 11 -1 -1 -1 -1 -5 15 -5 15 7 7 11 -5 -1 
-1 7 -1 3 7 -9 3 -1 11 7 7 -1 11 3 -1 
-1 7 -1 7 -1 3 -5 7 3 7 -1 7 3 3 7 
-1 15 -1 7 -1 -1 3 -1 -5 3 -1 7 3 11 7 
7 7 7 -1 7 -1 -5 -1 -5 -1 -1 3 19 3 7 
7 -1 7 3 -9 -1 3 -1 3 15 15 -1 3 7 -5 
7 -1 7 -1 -1 3 -5 7 3 -1 15 7 -5 7 3 
7 7 15 -1 -1 -1 -5 -1 -5 -1 7 3 3 15 3 
7 3 -1 -9 -1 -1 3 11 11 7 11 -1 -1 -1 7 
7 3 -9 -1 -1 7 3 -1 11 11 11 -1 -1 -1 7 
7 -1 -1 -5 -1 -1 11 7 11 11 -5 -1 -1 7 7 
7 3 -9 -1 7 -1 3 -1 11 7 11 3 7 -1 -1 
7 -1 -1 -1 -1 3 3 7 19 -1 -5 -5 7 7 7 
15 -1 -9 -1 7 7 3 -1 3 3 3 -5 -1 7 15 
7 -1 -1 7 -1 -5 3 7 11 7 -5 -1 7 11 -1 
7 -1 7 -1 -1 -1 3 11 3 -1 3 -1 -1 11 7 
7 7 -1 -1 7 -1 3 -1 3 3 -5 7 -1 11 7 
15 -1 -1 7 7 -1 -5 -1 3 -1 -5 3 15 11 -1 
7 7 -1 -1 -1 -5 3 7 11 -1 11 -1 7 -1 3 
7 7 -1 7 -9 -1 3 11 3 -1 3 7 -1 -1 11 
7 7 7 -1 -1 -1 3 -1 3 3 3 -1 7 -1 11 
7 15 -1 7 -1 -1 -5 -1 3 -1 3 3 7 7 3 
15 7 7 7 -1 -9 -5 -1 3 -1 3 7 7 3 3 
15 7 -1 -9 -1 -1 3 11 3 7 3 -1 3 -1 7 
15 7 -1 -1 -1 -1 3 -1 3 11 3 -1 -5 7 7 
15 7 7 -1 -1 -1 -5 -1 3 7 3 3 3 -1 7 
15 15 7 -1 -1 -9 -5 -1 3 7 3 7 3 3 -1 
15 11 7 3 11 3 -1 -5 -1 -1 -1 -1 -9 7 7 
7 11 7 11 3 3 -1 7 -9 3 -1 -1 -1 -1 7 
7 3 15 3 3 7 -1 3 7 -5 -1 -1 -1 7 -1 
7 11 -1 7 3 3 -1 11 7 3 -9 -1 -1 7 -1 
7 3 7 11 11 -5 7 -1 -1 -1 -1 11 -9 -1 7 
-1 11 7 3 11 -1 7 3 -1 -1 -1 11 -9 7 -1 
7 7 -1 3 3 3 7 3 7 7 -1 3 -9 -1 7 
-1 11 -1 7 3 3 7 7 -1 3 -1 11 -1 -1 -1 
7 -1 7 3 3 -5 7 15 -1 3 7 3 -1 -9 7 
7 3 -1 -1 11 -1 7 3 7 3 -1 11 -1 7 -9 
7 7 -1 3 -5 -1 7 11 7 3 7 3 -1 -1 -1 
-1 3 7 7 3 11 -1 3 -1 7 7 -1 -9 11 -1 
-1 3 7 3 3 15 -1 7 -1 -5 7 7 -1 3 -1 
-1 7 -1 3 11 3 -1 7 -1 11 7 -1 -1 -5 7 
-1 7 7 -5 3 7 -1 3 15 -5 15 -1 -1 3 -1 
7 7 -1 -1 -5 3 -1 11 7 11 7 -1 -1 3 -1 
7 -5 -1 3 11 7 7 7 -1 -9 7 11 -1 3 -1 
-1 3 -1 7 3 11 7 -1 -1 7 -1 11 -1 3 -1 
7 -9 -1 11 11 3 -1 -1 7 7 7 3 -1 -5 7 
-1 3 7 -9 11 7 7 3 -1 -1 7 11 -1 11 -9 
-1 7 -1 3 3 7 -1 3 7 -1 15 3 -1 3 -1 
7 -1 7 -1 -5 3 7 -5 7 15 7 3 -1 3 -1 
7 -1 -1 3 3 -1 7 7 -1 -5 15 11 7 -5 -1 
7 7 -1 -1 -5 3 -1 7 -1 11 7 11 7 -5 -1 
-1 3 7 3 11 7 -1 -5 7 7 -1 7 -9 7 3 
-1 -5 15 3 3 7 7 -1 -1 11 -1 -1 7 -1 3 
-9 11 -1 7 11 3 -1 7 -1 11 -1 -1 7 -1 3 
-1 -1 7 3 3 7 -1 3 7 11 -1 -1 7 -1 3 
7 -1 -1 -1 11 -5 -1 11 7 11 -1 -1 7 -1 3 
-1 3 -1 -1 11 -1 15 -1 -1 3 -1 11 7 7 -5 
-1 -1 7 3 3 -1 7 7 -9 11 7 3 7 -1 3 
7 7 -1 -1 3 -9 -1 3 7 11 -1 11 7 7 -5 
-1 -5 7 -1 11 7 -1 3 7 -1 7 7 -9 11 3 
-1 3 -1 -1 3 15 -1 7 -1 3 -1 7 7 3 3 
-1 -1 7 -5 11 7 -1 -1 -1 11 7 -1 7 -5 11 
7 -1 7 -1 3 -1 -9 3 7 3 7 7 7 3 3 
7 3 -9 -9 11 7 15 -1 -1 -1 -1 11 -1 11 3 
7 7 -1 -1 3 -1 -1 -5 -1 7 7 11 -1 11 3 
15 7 -1 -9 3 -1 -1 -1 -9 3 7 11 15 3 3 
7 3 -1 11 3 3 -1 -1 -1 7 7 7 -5 -1 7 
-1 3 7 3 11 -1 -1 3 7 -1 7 -1 3 7 -1 
-1 3 -1 7 11 3 -1 3 7 7 -9 7 3 7 -1 
7 -1 -9 3 11 11 7 -5 7 -1 7 -1 3 -1 7 
-1 -5 7 19 -5 -1 7 7 -1 3 7 -1 3 7 -1 
-1 -1 -1 11 3 3 7 7 -1 3 7 -1 3 -1 7 
-1 -1 -1 11 3 -1 7 3 15 -5 7 -9 11 7 -1 
-9 3 7 7 3 3 7 -1 7 7 -9 19 -5 -1 7 
-9 7 -1 11 3 -1 7 3 7 -1 7 3 3 -1 7 
-1 -5 -1 15 3 -1 7 7 -1 3 -1 11 3 7 -1 
-1 -1 7 7 -5 3 -1 7 7 3 -1 11 3 -1 7 
-1 3 -1 3 3 7 -1 7 7 -1 15 -1 -5 3 7 
-1 -1 -1 7 3 11 -1 -5 7 7 7 -1 3 3 7 
-1 7 -1 7 3 -1 -9 3 15 -5 7 -1 11 11 -1 
-1 3 -1 -1 3 7 7 7 -1 -1 -1 11 3 3 7 
-1 -1 -1 11 3 -1 7 -1 7 -9 15 3 3 -5 15 
-1 7 7 -1 3 -1 -1 -5 7 -1 7 3 11 3 7 
7 7 -1 7 -5 -1 -1 -1 -1 -5 7 11 11 3 7 
7 -5 -1 3 3 -1 7 -1 7 15 7 -1 -5 7 3 
-1 3 -9 7 11 3 -1 -1 7 15 -1 7 -5 7 3 
-1 -1 -9 11 11 7 -1 -5 7 7 7 -1 3 7 3 
7 -9 -9 7 19 3 -1 -5 7 7 -1 7 3 7 3 
-1 -1 -1 7 11 3 -9 7 -1 11 -1 -1 11 7 3 
-1 -1 -1 11 3 -1 7 -1 -1 7 7 3 -5 7 11 
-1 -1 7 -1 11 3 -1 -9 7 7 -1 11 -5 7 11 
7 -1 7 7 3 -9 -1 -1 -1 3 -1 3 11 15 3 
7 3 -9 -1 3 7 -1 7 7 7 -1 -1 -5 11 11 
7 -1 -1 7 11 -1 -9 -5 7 -1 7 -1 3 11 11 
7 7 -1 7 3 -1 -9 -1 -1 3 -1 -1 11 11 11 
7 3 7 3 3 -5 -1 7 -1 -1 11 7 -1 -1 7 
-1 3 7 -1 3 3 7 3 7 -1 3 -1 -1 15 -1 
7 -1 -1 -5 3 11 7 11 -1 -1 3 -1 -1 7 7 
-1 -5 15 3 3 -1 -1 15 -1 -5 11 7 -1 -1 7 
-9 11 -1 7 3 3 -1 15 -1 3 3 -1 7 -1 7 
-1 -1 7 -5 3 7 -1 19 7 -5 3 -1 -1 7 7 
-9 3 7 7 3 -5 15 -1 7 -1 3 11 -1 -1 7 
-1 -1 7 -1 -5 3 15 3 7 7 -5 3 -1 7 7 
-1 -5 -1 7 11 -1 7 7 -1 -5 11 11 -1 -1 7 
-1 -1 7 -1 3 -5 7 15 -1 3 3 3 7 -9 15 
7 -1 -1 -1 3 -1 -1 11 7 3 3 3 -1 7 7 
-9 3 7 7 -5 11 -1 7 -1 7 11 -1 -1 11 -1 
-1 -9 7 3 11 3 -1 7 -1 7 11 -1 -1 3 7 
-1 -5 7 -1 3 7 7 7 -1 -9 11 11 -1 11 -1 
-1 -9 15 7 -5 3 7 -1 -1 7 3 3 7 3 7 
7 -1 7 -1 3 -1 -1 7 -9 -5 11 11 7 3 7 
-1 3 7 -5 3 -1 -1 7 7 7 11 7 -1 -1 3 
-9 11 -1 -1 11 -5 7 -1 7 7 11 -1 7 -1 3 
-9 3 7 -1 11 -1 -1 3 15 -1 3 7 -1 15 -5 
-1 -1 -1 -1 11 3 7 3 -1 7 3 -1 7 7 3 
-9 3 7 -1 11 -1 -1 7 7 3 3 -1 15 -1 3 
-1 -1 7 -1 11 -1 -9 11 7 3 -5 -1 15 7 3 
-9 7 -1 11 3 -1 -1 15 -9 7 3 11 -1 -1 11 
-9 7 7 -1 11 -5 7 -1 -1 7 3 3 7 -1 11 
-9 15 -1 7 3 -1 -1 3 -1 7 -5 11 -1 15 3 
-1 -1 7 -5 11 7 -9 7 -1 7 11 -1 -1 3 11 
-1 -1 7 -1 11 3 -1 -1 -9 15 11 -9 7 3 11 
-1 3 -1 7 -5 3 -1 7 7 7 3 15 3 -1 -1 
7 -9 -1 3 3 3 7 7 -1 -1 11 15 3 -9 7 
-1 -1 -1 3 3 7 -1 11 7 -9 11 7 3 7 -1 
7 -9 -1 -1 3 11 7 3 7 -1 -5 7 11 7 -1 
-1 -5 -1 15 3 -1 -9 15 7 3 3 7 3 7 -1 
-1 -1 -1 7 3 3 -1 15 -1 3 -5 7 11 -1 7 
-1 -1 7 7 3 -1 -1 3 7 -1 -5 11 3 7 7 
-1 -1 7 3 3 -1 -1 7 7 -9 19 7 -5 3 7 
-1 -1 7 7 -5 11 -1 -1 -1 7 3 7 3 3 7 
-1 7 7 7 3 -1 -9 7 -1 -5 3 7 3 11 7 
7 -1 15 7 -5 -1 -1 -1 -1 -9 3 11 3 3 15 
7 3 -1 -1 3 -9 -1 7 15 7 3 7 3 7 -5 
7 -1 -1 3 3 -1 -1 7 -1 7 11 7 3 -1 3 
7 -1 -1 -1 11 3 -1 -1 -1 7 3 7 11 -1 3 
7 7 7 7 3 -9 -1 -1 -1 -1 -5 11 3 7 11 
7 11 -1 3 3 -5 -1 -1 3 7 -1 7 -1 7 7 
-1 11 7 -5 3 -1 7 -5 11 -1 -1 7 -1 7 7 
-1 3 7 3 -5 7 7 -1 3 3 -1 7 7 -1 7 
-1 7 -1 -5 3 3 7 15 3 3 -1 -9 7 -1 15 
-1 3 -1 -1 3 7 7 3 11 3 -9 7 -1 7 7 
-1 -1 -1 3 11 -5 7 7 11 -1 -1 3 -1 7 7 
-9 15 -9 3 3 -1 15 3 11 -1 -1 3 -1 7 7 
-1 -1 -1 3 3 -1 15 7 3 -5 7 3 7 -1 7 
-1 7 -1 -9 3 3 7 15 3 3 -1 3 -1 7 7 
7 7 -9 -9 3 -1 15 3 11 3 -1 3 -1 7 7 
-1 3 -1 3 3 7 -1 -1 11 -1 7 7 7 3 -1 
-1 -1 -9 11 11 3 -1 -1 11 7 7 -9 7 3 7 
-9 3 7 -1 3 7 7 3 3 -1 7 7 -1 11 -1 
-1 -1 -1 7 -5 3 15 3 3 7 7 -9 -1 11 7 
-1 7 -1 -1 -5 7 7 3 11 -5 7 -1 7 3 7 
-1 -1 -9 11 11 -1 7 -1 11 -9 7 3 15 3 -1 
-1 -1 -1 7 3 3 7 -1 3 7 -1 3 7 11 -1 
-1 7 -1 -1 3 -1 15 -5 3 -1 7 3 7 11 -1 
-1 3 7 -5 3 -1 7 -9 11 15 -1 15 -1 -1 3 
-9 7 -1 3 3 7 7 -5 11 7 -1 7 -1 -1 11 
-9 3 7 -1 3 7 7 -1 3 11 -9 15 7 -1 3 
-1 -1 7 -1 3 -1 7 3 11 3 -9 7 7 -1 11 
-1 7 7 -9 11 -1 7 -1 -5 3 -1 11 7 7 3 
-1 3 -1 -1 3 7 7 -1 3 7 -1 15 -1 3 3 
-1 -1 -1 3 11 7 -1 -9 11 7 7 -1 7 -5 11 
-1 -1 -1 7 11 3 -1 -1 -5 15 7 -1 -1 3 11 
-1 -1 7 7 3 -1 7 -5 3 -1 7 7 -1 3 11 
-1 7 7 -1 3 7 -1 -1 -5 3 -1 7 15 -5 11 
7 7 -1 -1 11 -1 7 -9 -5 -1 -1 11 7 11 3 
-1 11 -1 3 -5 -9 7 -1 11 7 15 7 3 -1 -1 
-1 7 -9 -1 3 3 15 3 11 -1 -1 -1 3 7 7 
-9 7 7 -1 3 3 7 -1 11 -1 -1 11 -5 7 7 
-1 7 -1 7 3 -1 7 -1 3 -5 7 3 3 7 7 
-1 7 -1 3 3 -1 7 -9 11 7 15 -1 3 -1 3 
-1 7 -1 -1 11 3 -1 -1 3 7 7 7 -5 7 3 
-1 7 -1 7 11 -9 7 -5 11 -1 -1 7 3 7 3 
-1 7 7 7 3 -1 -1 -1 3 3 -1 -1 11 7 3 
7 15 -1 7 3 -1 -1 -9 3 -1 7 -1 3 3 11 
-1 11 -1 -1 -5 -5 7 7 3 15 3 7 -1 7 -1 
7 -1 -1 -5 3 -5 7 15 3 7 3 -1 7 -1 7 
-1 3 7 -9 3 -1 7 3 11 7 3 7 -9 15 -1 
-1 7 -1 -5 -5 7 7 11 11 -1 3 -1 -1 7 7 
-1 3 -1 -1 3 7 -1 7 3 11 3 7 -1 -1 7 
-1 -1 7 -5 3 -1 7 15 3 3 3 -1 7 -9 15 
-1 -1 7 -1 3 -5 15 7 3 7 -5 3 -1 7 7 
7 -1 -1 -1 11 -1 7 7 -5 3 3 3 -1 -1 15 
-1 3 7 -1 -5 7 -1 7 3 7 11 7 -1 11 -9 
-1 -1 7 3 3 -1 -1 7 11 -1 11 -1 7 3 -1 
-1 7 7 -1 3 7 -1 7 -5 3 3 -1 7 3 7 
7 -1 7 7 3 -1 7 -1 -5 -1 3 3 7 11 -1 
-1 7 7 -5 3 -1 -1 7 3 15 3 7 7 -9 3 
-1 7 7 -1 3 -1 7 3 3 7 -5 7 -1 7 3 
7 7 15 -1 3 -1 -1 -1 -5 7 3 -1 7 3 3 
7 7 -1 -1 -5 3 7 7 3 7 3 7 3 -1 -1 
7 7 -1 -1 3 -1 7 3 11 -1 3 -1 3 7 -1 
7 7 -1 7 3 -1 -1 7 3 3 3 -1 3 -1 7 
7 7 7 7 3 -9 7 -1 3 -1 3 11 -5 -1 7 
7 15 7 7 -5 -1 -1 -1 3 -1 11 -1 3 3 -1 
15 15 7 -1 3 -9 -1 -1 3 7 3 7 3 -1 -5 
15 3 -1 3 3 3 -5 -9 -1 7 7 -1 -1 7 15 
7 3 7 -5 3 7 -5 3 -1 -1 7 -1 -1 15 7 
7 3 -1 -1 3 3 3 3 7 -1 -1 -1 -1 7 15 
-1 11 -9 7 -5 11 3 7 -1 3 -1 -1 7 7 7 
7 -5 -1 -1 3 7 3 11 7 -5 -1 -1 7 15 -1 
-1 3 -1 -1 3 11 11 -9 7 -1 -1 11 7 -1 7 
7 -9 -1 3 3 11 3 -1 7 7 -1 3 -1 -1 15 
-1 3 -1 -9 11 7 11 3 -1 -1 -1 11 7 7 -1 
7 -9 -1 3 -5 7 19 7 -9 3 7 3 7 7 -1 
7 -1 -1 -9 -5 11 11 7 7 3 -1 3 7 -1 7 
7 -5 -1 -5 11 15 -5 -1 -1 -1 15 7 -1 11 -1 
-1 3 -9 7 3 19 -5 -1 -1 7 7 7 -1 3 7 
7 -9 -1 -1 3 11 3 3 7 7 7 -1 -9 3 15 
-1 -1 -1 -5 11 7 11 -1 -1 3 7 7 -1 11 -1 
-1 7 -9 -1 3 11 3 7 -1 11 -1 7 -1 3 7 
7 -1 -1 -9 3 7 3 11 7 -5 7 7 -1 11 -1 
-1 -5 -1 7 11 -1 3 3 7 -1 7 7 -1 7 3 
-1 -5 -1 7 3 7 11 -1 -1 3 7 -1 15 7 -5 
-1 -1 -1 -1 11 3 3 7 -1 11 7 -9 7 -1 11 
7 -9 -1 7 3 -1 3 11 7 3 -1 -1 7 7 3 
-1 -1 -9 11 3 15 3 -1 -9 15 7 3 -1 7 3 
-1 -1 -1 -1 11 11 3 -9 7 7 7 3 -1 -1 11 
-1 7 -9 7 3 7 3 3 -1 7 -1 11 -1 7 3 
7 -5 -9 -1 11 15 3 -1 -1 -1 15 7 -1 3 3 
7 -1 -1 -1 11 7 3 -1 -9 3 7 7 7 3 3 
7 -5 7 3 -5 -1 3 -1 -1 15 15 -1 3 7 -1 
-1 3 -1 7 -5 11 -5 -1 7 15 -1 7 3 -1 7 
-1 -5 7 -1 11 -1 -5 11 7 7 -1 -1 11 7 -1 
-1 -1 -1 3 3 7 3 3 7 7 7 -9 3 7 7 
7 -9 -1 -1 3 11 3 3 15 7 -9 -1 3 -1 15 
-1 -1 -1 7 -5 11 3 7 7 11 -9 -1 3 7 7 
-1 -5 7 -1 3 7 11 -1 -1 7 -1 11 11 -1 -1 
-1 -9 7 11 -5 7 11 -1 -1 7 7 3 3 -1 7 
-1 -1 7 -1 3 7 3 3 7 7 -9 3 11 -1 7 
7 -9 7 7 -5 7 11 -1 -1 3 -1 3 11 7 -1 
-1 3 -1 -1 3 15 -5 7 -1 7 7 7 3 3 -1 
-1 -1 7 -1 11 7 -5 3 7 -1 7 -1 3 3 7 
-1 7 -1 7 3 7 3 -1 -1 3 -1 7 3 11 -1 
7 -1 7 -1 3 15 3 -9 -1 -1 -1 11 11 -5 7 
7 -5 -1 7 3 -1 3 -1 7 15 7 -1 3 7 -5 
7 -1 7 7 3 7 3 -9 -1 7 -1 3 3 7 3 
7 3 7 -5 -5 -1 -5 7 7 -1 19 7 -1 7 -1 
-1 11 -1 -1 -5 3 3 -1 15 -1 11 -1 7 -1 7 
7 -1 -1 -5 3 3 3 7 7 7 3 -1 -1 -1 15 
-1 3 -1 -1 3 7 3 7 7 -5 11 -1 7 7 -1 
-1 -1 7 -5 3 -1 11 15 -1 3 3 -1 -1 7 7 
-1 3 -1 -1 3 7 11 -1 7 -9 11 11 7 -1 -1 
-1 -1 -1 11 -5 7 3 15 -1 -1 3 11 -1 -1 7 
-1 7 -1 -1 -5 15 3 11 7 -1 -5 3 -1 7 7 
7 -1 -1 -1 3 7 11 7 -1 -5 3 3 7 -1 7 
-1 -1 7 -1 3 11 3 -1 7 7 3 -1 -1 3 7 
-1 7 7 -9 11 7 3 7 -1 -5 3 7 -1 11 -1 
7 -1 7 -1 3 15 3 -1 -1 -9 3 11 7 3 -1 
-1 7 -1 3 3 7 -5 7 -1 15 11 -1 -1 -1 3 
-1 7 -1 -1 11 3 3 -1 7 7 11 -9 7 -9 11 
-1 7 -1 7 3 7 -5 11 7 -1 3 -1 -1 7 3 
-1 15 -1 7 3 7 3 -1 -1 -1 3 3 7 -1 3 
7 7 7 -1 11 7 -5 -1 -1 -1 11 -1 -1 3 3 
7 -1 7 3 -5 -1 3 7 7 7 11 7 -5 -1 -1 
7 -1 7 -1 3 7 -5 11 15 -1 -5 -1 3 7 -1 
7 -1 7 7 3 -1 3 7 7 3 -5 -1 3 7 -1 
7 7 15 -1 3 7 -5 -1 7 -1 3 7 -5 3 -1 
15 7 7 7 3 -1 -5 -1 7 7 3 -1 3 -1 -5 
15 3 -1 -5 -5 -1 3 -1 3 7 7 7 7 7 -1 
7 11 -9 -1 -5 3 3 7 3 7 -1 7 -1 7 7 
7 3 -1 -9 3 -1 11 11 3 -1 -1 7 -1 7 7 
7 3 -9 -1 -5 15 11 7 -5 3 -1 7 7 7 -1 
7 -1 -9 3 3 7 11 7 3 -1 -1 3 7 7 -1 
7 -1 -9 3 11 7 3 -1 11 -1 7 -1 7 3 -1 
7 -1 -9 7 3 11 3 7 3 7 -1 -1 -1 3 7 
7 -1 -1 -1 3 7 11 11 3 -9 7 -1 -1 3 7 
7 3 -1 -1 3 -1 11 -1 3 7 7 15 -1 -1 -5 
7 -1 -1 3 3 7 3 -1 3 15 7 -1 -1 -1 3 
7 -1 -1 -1 11 3 3 7 3 7 7 -1 -9 -1 11 
7 -1 -1 7 3 -1 11 11 3 -1 -1 7 -9 -1 11 
7 -1 7 -1 3 7 11 7 -5 3 -1 -1 7 -1 3 
7 7 -1 -1 11 7 11 -1 -5 -1 -1 11 -1 7 -5 
15 -1 -1 7 11 7 3 -1 -5 -1 7 7 -1 -5 3 
7 7 -1 3 -5 -1 11 -1 11 7 15 -9 3 -1 -1 
7 7 -1 -1 -5 11 3 7 11 7 -1 -1 -5 -1 7 
7 7 -1 -1 3 -1 11 11 11 -1 -1 -9 3 -1 7 
7 7 -1 7 -5 7 11 7 3 3 -1 -9 3 7 -1 
7 7 7 -1 3 7 11 -1 3 -1 -1 3 3 -1 -1 
7 15 -1 7 3 7 3 -1 3 -1 7 -1 3 -5 -1 
15 7 7 7 3 -1 3 -1 3 7 7 -1 -5 -1 -5 
15 7 -1 -5 -5 -1 3 15 11 7 3 -1 -1 -1 -1 
15 7 -1 -1 3 7 11 7 3 -1 -5 3 -1 -1 -1 
15 7 7 -1 3 7 3 7 3 -1 3 -1 -1 3 -9 
15 15 7 -1 3 -1 3 7 3 7 3 -1 -1 -9 -5 
15 11 11 3 7 3 -1 -5 -9 -1 -1 -1 7 -1 7 
7 11 11 11 -1 3 -1 -1 -1 -5 -1 7 -1 -1 7 
7 11 3 7 -1 3 -1 3 7 3 -1 -1 7 -1 -1 
15 7 3 -5 -1 3 7 3 7 3 -1 7 -1 -1 -1 
7 3 11 11 7 -5 -1 7 -1 -9 7 3 -1 -1 7 
-1 11 11 -1 7 -5 7 3 -1 7 7 -5 7 -1 -1 
7 7 3 3 -1 3 -1 11 -1 7 7 3 -1 -1 -1 
-1 11 3 7 -1 3 -1 7 7 -5 15 3 -1 -1 -1 
7 3 3 -1 7 -1 -1 3 7 11 7 3 7 -9 -1 
7 3 3 11 7 3 -1 -1 -1 7 -1 -1 -1 3 7 
-1 3 19 -5 7 7 -1 3 -1 7 -1 -1 7 -5 7 
7 -1 3 3 7 3 7 -5 -1 15 7 -1 -1 3 -1 
-1 3 11 -1 -1 7 -1 3 7 11 -1 7 7 -5 -1 
-1 7 11 -5 -1 -1 7 -5 15 11 -1 15 -1 -5 -1 
7 -5 3 3 7 -1 7 15 -1 -1 -1 3 7 -5 7 
-1 3 3 7 -1 3 7 7 -1 7 7 -5 7 3 -1 
7 -9 3 11 7 -5 -1 7 7 7 7 3 -1 3 -1 
-1 7 3 3 -1 -1 -1 11 -1 15 7 3 7 -5 -1 
7 3 -5 -1 -1 7 7 7 -1 3 7 11 7 -5 -1 
7 -1 3 3 -1 -9 7 7 7 3 7 19 -1 -5 -1 
7 3 3 3 7 11 -1 -9 7 -1 7 -1 -1 -1 11 
-1 3 3 7 7 3 7 -5 7 -1 7 -1 7 -1 3 
7 -1 -5 3 7 19 -1 -5 -1 7 7 7 -1 -1 3 
-1 -1 11 -5 7 11 -1 -1 7 3 7 7 -1 -1 3 
7 -1 3 -1 -1 3 -1 3 15 3 7 7 7 -1 -5 
-1 3 3 3 -1 7 7 7 7 -1 -1 3 -1 -1 11 
-9 11 3 -1 7 -1 7 3 7 7 -1 3 7 -1 3 
-1 7 3 -1 -1 3 -1 3 7 7 15 3 -1 7 -5 
-1 3 3 -1 -1 7 7 -1 15 -5 7 3 7 -1 3 
-1 -1 11 3 -9 7 -1 7 7 3 7 11 -1 -1 3 
-1 3 -5 7 -1 11 7 -1 7 7 7 -9 -1 3 11 
-1 -5 11 -1 -1 7 7 3 7 7 -1 -1 7 -5 11 
-1 -1 3 3 -1 15 -1 -5 7 15 -1 7 -1 -5 11 
7 -9 3 7 -1 3 7 -5 -1 15 15 -1 -1 3 3 
-1 7 3 -1 -1 3 -1 -1 7 11 7 7 -1 3 3 
7 -1 -5 3 -1 7 -1 7 7 7 -1 3 -1 3 11 
7 -1 3 -1 -1 3 -1 -1 7 7 15 -5 -1 11 3 
7 7 3 -1 -9 -1 -1 3 -1 15 7 3 7 3 3 
15 7 3 -9 -9 -1 -1 -1 7 3 7 11 7 3 3 
7 3 3 3 7 3 -1 7 -9 -1 7 7 3 -1 7 
-1 -5 11 11 -1 -1 7 7 -1 3 -1 7 3 -1 7 
-1 -1 3 3 7 3 7 7 -1 -5 7 15 -5 7 -1 
-1 -1 3 3 7 -1 7 3 7 3 -1 7 11 -1 -1 
7 -1 -5 -1 7 3 -1 11 7 3 -1 7 11 7 -9 
-9 3 11 -1 7 3 -1 15 -1 -1 7 3 3 -1 7 
-1 -1 11 -9 7 3 -1 11 -1 7 7 3 11 -1 -1 
-1 -5 3 7 7 -1 -1 15 -1 3 7 3 3 -1 7 
7 -1 3 -1 7 -9 -9 11 7 11 7 3 11 -1 -1 
-1 3 3 -5 7 -1 7 15 -1 7 -1 -1 3 -5 15 
-1 -1 -5 3 15 3 7 -1 -1 7 7 7 -5 3 7 
-1 -1 3 -1 7 3 7 3 -9 15 7 -1 11 3 -1 
-1 7 3 -1 7 -9 -1 3 7 11 -1 7 11 3 -1 
-1 -1 11 -1 -1 3 -1 7 -1 7 7 3 3 3 7 
7 7 3 -1 -1 -9 -1 7 -1 3 7 11 3 3 7 
7 -5 3 -5 -1 7 7 7 7 7 -1 -1 3 -1 11 
-1 3 -5 -1 7 11 -1 7 7 -1 7 -1 3 7 3 
-1 -1 -5 3 7 15 -1 3 -1 7 -1 7 11 -1 3 
-1 -5 3 7 -1 7 -1 7 15 3 -9 -1 11 7 3 
-1 -9 11 3 -1 7 7 -1 7 3 -1 7 3 7 3 
-1 3 3 -9 7 -1 7 15 7 -1 -1 -5 3 7 11 
-1 -1 3 3 -1 7 -1 15 -1 -1 7 3 -5 7 11 
-1 7 3 -1 7 -1 -9 11 -1 7 -1 3 11 7 3 
7 -1 11 -1 -1 -1 -9 7 7 -5 7 3 3 15 3 
7 -1 -5 -5 7 7 7 -1 7 7 -1 -1 -5 3 19 
7 -1 -5 -1 7 11 -1 -1 -1 7 7 -1 -5 11 11 
7 -1 3 -1 7 -1 -1 3 -1 7 -1 -1 11 3 11 
7 7 3 -1 -1 -1 -1 -1 7 3 -9 7 3 11 11 
7 3 3 11 -1 -5 7 -1 -1 -9 11 7 7 -1 7 
-1 3 11 3 -1 7 -1 3 -1 -1 3 7 7 -1 7 
-1 3 3 7 -1 3 15 -5 -1 -1 11 -9 15 7 -1 
-1 -1 3 3 7 -5 15 7 -1 -5 3 15 -1 -1 7 
-1 -5 3 7 7 7 -1 -5 15 3 3 -1 7 -1 7 
-1 -1 3 3 -1 7 7 3 7 3 -5 15 -1 -1 7 
7 -1 -5 -1 -1 3 15 3 7 3 3 -1 7 7 -1 
-9 3 3 7 7 -1 7 3 -1 7 11 -5 7 -1 7 
-1 -1 3 7 -1 -5 7 7 7 -5 19 3 -1 -1 7 
7 -1 -5 7 -1 -1 -1 3 7 11 11 3 -1 -1 7 
-1 -5 11 3 -1 -1 7 7 7 -1 3 7 -1 3 7 
-1 -9 3 11 7 -5 15 -1 -1 7 3 7 -1 11 -1 
-9 -1 11 3 -1 7 7 3 -1 7 3 7 -1 11 -1 
-9 3 3 7 -1 7 7 -1 7 3 3 7 -1 3 7 
-9 7 3 7 -1 -5 15 -1 -1 11 3 7 -1 11 -1 
-1 -1 11 -1 -1 -1 7 -5 7 11 3 7 -1 11 -1 
-1 -5 3 7 -1 -1 15 7 -1 -1 11 -5 7 3 7 
7 -1 3 7 -1 -9 7 -1 -1 3 11 11 -1 3 7 
-1 3 3 3 -9 7 7 -1 15 -1 3 7 7 -9 11 
-1 -1 -5 3 7 11 7 -1 -1 -1 11 7 7 -1 3 
-1 -1 -5 7 -1 11 15 -5 -1 -1 11 -1 15 7 -5 
-1 -1 3 7 -1 7 -1 -5 15 3 -5 7 15 -1 3 
-1 7 3 7 -1 -1 -1 -1 7 -5 11 3 7 -1 11 
-1 3 3 -1 -9 7 15 -1 15 -1 3 -9 7 3 11 
-1 -1 3 3 -1 7 7 -1 7 7 -5 7 -1 3 11 
-1 7 11 -1 -1 -1 7 -9 7 3 -5 7 7 3 11 
7 7 3 7 -9 -1 7 -1 -1 -1 3 -5 7 11 11 
-1 3 -5 7 -1 3 7 7 -1 -1 11 7 11 -1 -1 
-1 -5 -5 15 7 -1 -1 7 7 3 3 7 3 -1 7 
-1 -1 -5 7 7 3 7 7 -1 -5 3 15 3 7 -1 
-1 -1 3 7 7 -1 -1 11 -9 7 3 3 11 -1 7 
-1 3 3 -1 -1 -1 7 15 -1 7 3 -1 3 3 7 
-1 -1 3 3 7 -9 15 7 -1 -1 3 15 -5 3 7 
-1 -1 3 7 -1 3 15 -1 -9 7 3 7 3 11 -1 
-1 -1 11 -1 7 -1 7 3 -9 7 3 -1 11 11 -1 
7 -1 11 7 -1 -9 7 7 -9 -1 3 3 3 3 15 
7 3 -5 -1 -1 -1 7 7 15 -1 3 -1 11 -1 3 
7 -1 -5 3 -1 7 7 7 -1 -1 3 15 3 -1 3 
7 -1 -5 7 7 7 -1 3 -1 -1 -5 7 19 7 -5 
7 -1 3 7 7 -1 -1 -1 7 -5 -5 7 11 7 3 
7 7 3 7 -1 -1 -1 7 -1 -9 3 3 3 7 11 
15 7 3 -1 -1 -1 7 -1 -1 -1 -5 -1 3 11 11 
7 3 11 3 -1 3 -9 -1 3 -1 -1 7 7 7 7 
-1 3 11 -1 -1 3 7 3 -5 7 -1 -1 7 7 7 
7 -1 3 -5 -1 11 7 3 3 -1 -1 -1 7 7 7 
-1 -1 11 -5 -1 11 -1 7 11 -5 -1 7 -1 7 7 
-1 -5 11 3 7 -1 -1 7 3 -1 -1 11 7 -1 7 
-9 7 3 3 -1 7 -1 11 3 7 -1 3 7 -1 7 
-1 -1 11 -9 -1 3 7 11 3 7 7 -5 -1 15 -1 
-1 -5 3 -1 7 15 -1 -1 3 3 7 11 -1 -1 7 
-1 -9 11 3 -1 7 -1 7 11 -5 7 11 -1 -1 7 
7 -1 3 -9 -1 7 -1 3 11 11 7 3 -1 -1 7 
-1 -9 3 11 7 3 -1 -1 11 7 -1 -1 7 11 -1 
-1 -5 3 -1 7 7 7 7 -5 7 -1 3 15 3 -1 
-1 -1 11 -1 -1 -1 7 3 -5 15 7 -5 15 3 -1 
7 -1 3 -1 -1 7 -1 -1 3 3 7 11 7 3 -1 
-9 3 11 -1 -1 11 -1 -1 11 -1 7 7 -1 7 3 
-1 -9 11 -1 -1 11 7 3 3 -1 7 7 -1 7 3 
-9 3 11 -9 7 7 7 -1 11 -1 -1 11 -1 7 3 
-9 -1 11 3 -1 15 -9 7 11 -1 -1 11 -1 7 3 
-9 7 11 -1 -1 7 -1 3 3 7 -1 11 -1 7 3 
-1 -9 11 7 -1 11 -1 -1 3 7 7 -1 -1 11 3 
7 -1 11 -1 -1 7 -1 -1 3 -1 -1 3 7 11 3 
-1 3 11 -5 -1 -1 -1 7 3 7 7 7 11 -9 7 
-9 7 3 -5 7 7 7 3 3 -1 7 -1 19 -9 7 
-1 -1 3 -9 7 11 7 11 -5 -1 7 -1 11 7 -1 
-9 3 3 7 -1 15 -9 7 3 11 -1 7 3 -1 7 
-9 -1 11 3 -1 7 7 -1 11 -5 7 7 3 -1 7 
-1 -1 3 -1 7 7 -1 3 11 3 -1 -1 11 -1 7 
-9 -1 11 3 7 -1 -1 15 3 -9 15 3 3 -1 7 
-9 7 3 7 -1 11 -1 7 -5 7 7 -1 3 11 -1 
-9 15 3 7 -1 7 -1 -1 3 3 -1 7 3 3 7 
-1 7 11 -1 7 -1 -1 7 -5 -1 7 -5 11 3 7 
-1 3 11 -9 -1 7 -1 7 11 7 -1 7 3 -1 3 
-1 -1 11 -5 -1 15 -1 -1 11 -1 7 7 3 -1 3 
-1 -1 11 -1 7 7 -1 3 3 -1 -1 7 11 -1 3 
7 7 11 -1 -1 7 -1 -1 3 -1 -1 -1 3 3 11 
-1 3 3 7 -9 3 7 -1 3 7 11 -1 7 7 -1 
7 -9 3 3 -1 3 7 7 3 -1 3 7 7 7 -1 
-1 -5 11 -1 -1 7 7 -5 3 15 3 -1 7 -1 7 
-1 -1 3 3 -9 15 7 3 3 7 -5 7 7 -1 7 
-1 -1 3 -1 -1 11 7 7 3 3 3 -1 -1 7 7 
-1 -5 3 7 7 -1 7 -1 3 7 11 3 -1 -1 7 
-1 -9 11 7 -1 3 7 7 3 -1 11 -5 -1 15 -1 
-1 -1 3 7 -1 7 7 3 -5 15 3 -5 -1 7 7 
-1 -9 11 11 -1 -1 7 -1 11 7 -5 7 7 3 -1 
-1 -1 11 7 -1 7 7 -9 3 11 -5 7 -1 3 7 
-1 -1 11 -1 -1 11 7 -1 3 -1 11 -1 7 7 -5 
-1 7 11 7 -1 7 -1 -1 3 -1 3 3 -1 7 3 
7 -1 19 7 -9 7 7 -9 3 7 -5 -1 7 3 3 
7 -1 3 3 -1 -1 7 7 3 -1 11 15 3 -9 -1 
7 -1 3 -1 -1 11 7 7 -5 -1 11 7 3 7 -9 
7 -1 3 -1 7 7 7 3 -5 7 3 -1 11 -1 -1 
7 -1 3 7 7 7 -1 -1 3 3 3 7 -5 -1 7 
7 -1 11 7 7 -1 -1 7 -5 -1 11 3 -5 -1 7 
7 7 11 7 -1 -1 7 -1 -5 7 3 -1 3 3 -1 
15 7 11 -1 -1 7 -1 -1 3 -1 3 7 3 -1 -5 
-1 11 3 -1 7 -5 3 3 -1 -1 7 -9 15 -1 15 
7 7 -5 -5 7 3 3 3 -1 7 -1 -1 -1 7 15 
-1 3 11 3 -1 -1 11 -9 -1 3 -1 7 7 7 7 
-1 3 3 -1 7 -1 3 3 7 3 -1 -1 15 -1 7 
-1 7 3 -5 -1 -1 11 3 7 11 -9 7 -1 7 7 
-1 3 3 3 7 -1 3 7 -9 -1 7 3 15 -1 7 
-1 -1 3 3 7 3 -5 7 7 -1 7 3 -1 7 7 
-1 7 3 -9 -1 3 3 11 7 7 7 -5 7 -1 7 
-1 3 -5 -1 7 7 11 -1 -1 -5 15 3 15 -1 -1 
-1 -1 3 3 -1 -1 11 7 -1 3 7 11 -1 7 -1 
-1 7 3 -9 -1 3 3 7 15 -5 15 3 -1 7 -1 
7 7 -5 -9 -1 -1 3 11 7 11 7 3 7 -1 -1 
-1 3 3 -5 15 -1 3 -1 -1 7 -1 7 7 3 7 
-9 11 -5 7 7 3 3 -1 -1 7 7 -1 7 3 7 
-9 7 3 -5 15 -1 3 3 -1 15 -1 7 -1 3 7 
-1 -1 3 -1 7 -5 11 3 -1 15 7 -1 -1 3 7 
-9 11 -5 -1 7 7 11 -1 -1 3 -1 15 7 3 -1 
-1 -1 -5 3 15 -1 3 7 -1 7 -1 11 7 3 -1 
-1 -1 3 -1 7 3 3 -1 7 7 7 3 7 3 -1 
-1 3 3 3 -1 7 3 -9 7 7 7 -1 7 -1 11 
-9 3 3 7 7 -1 3 3 7 -1 7 -1 15 -9 11 
-1 -1 -5 7 7 3 3 3 7 -1 15 -1 -1 -1 11 
-9 -1 11 3 -1 7 11 -9 7 11 -1 7 -1 7 3 
-9 7 3 -1 7 3 3 -1 15 -5 15 -1 -1 7 3 
-1 -1 3 7 -1 -1 3 3 15 3 -1 7 7 -1 3 
-1 7 3 -1 -1 7 3 -1 7 -5 15 3 7 7 -5 
-1 3 -5 -1 7 7 11 -1 7 -1 7 -1 7 -5 11 
-1 -1 3 7 7 -1 3 3 -1 7 7 7 -1 -5 11 
7 7 -5 -1 7 7 3 -1 -1 -1 7 3 7 3 3 
-9 11 3 -1 7 3 -5 7 -1 7 7 -1 11 -1 7 
-1 -1 3 -5 15 3 3 -1 -1 7 7 7 -5 7 7 
-9 3 3 7 7 -1 3 7 -1 11 -1 -1 11 7 -1 
-9 7 3 -1 7 3 3 7 7 3 -1 7 -5 15 -1 
-1 -1 3 -1 15 -9 3 11 7 11 -9 -1 11 7 -1 
-9 -1 11 3 7 -1 3 15 -9 7 7 3 3 -1 7 
-1 -1 11 -1 7 -1 3 7 -1 3 7 3 3 7 -1 
-9 7 3 -1 15 3 3 -1 -1 15 -1 7 -5 3 7 
-1 3 3 -1 7 -1 3 7 7 7 7 -9 11 -1 3 
-1 -1 3 3 7 7 3 -1 -1 15 7 -1 -5 7 3 
-1 -1 3 -1 15 11 -5 -1 7 -1 15 -1 -5 7 3 
-1 -1 3 7 15 -1 -5 11 -1 7 -1 -1 11 -1 3 
-1 -1 11 7 7 -1 3 -1 7 3 -1 -1 3 15 -5 
-1 7 11 -1 7 7 -5 7 -1 -1 7 -5 3 7 3 
7 7 3 -1 15 -1 3 -1 -1 7 -1 -1 -5 3 11 
-1 11 3 3 -1 -9 3 -1 7 -1 11 7 7 -1 7 
-1 7 -5 3 7 -5 11 -1 7 -1 3 7 -1 7 7 
-1 7 -5 -1 -1 3 19 3 7 -1 3 -9 7 7 7 
-1 7 -5 -1 7 -1 11 3 15 3 -5 -1 -1 7 7 
-9 15 -5 7 -1 7 3 11 -1 7 3 -5 7 -1 7 
-1 7 -5 7 7 -1 11 -1 7 -5 11 3 -1 -1 7 
-9 11 3 -1 7 -1 11 -1 7 -1 11 -1 7 3 -1 
-9 7 11 -1 7 -1 11 3 -1 7 3 -1 -1 11 -1 
-1 7 3 7 7 -1 11 -1 -1 -1 3 3 7 3 -1 
-9 15 -5 11 -1 7 3 -1 7 7 3 7 -1 -1 3 
-9 15 -5 15 -1 7 3 3 7 -1 3 -1 7 -1 3 
-1 15 3 7 7 -1 11 -9 7 -1 3 -1 -1 3 3 
-1 11 3 -1 7 -9 3 7 7 7 11 -1 11 -9 -1 
-1 7 3 3 7 -9 11 7 -1 7 3 15 -5 -1 -1 
-1 7 3 -1 7 3 11 -1 7 -1 3 7 3 -1 -1 
-1 7 3 -1 15 -1 3 11 -1 7 -5 -1 11 -1 -1 
-1 7 11 7 7 -1 3 7 -1 -1 3 3 3 -9 7 
7 15 3 7 7 -1 3 -1 7 -1 3 -1 3 -1 -5 
7 3 11 -5 -1 -1 -5 -1 3 7 -1 7 15 -1 7 
-1 11 3 -1 -1 3 -5 7 3 -1 7 -1 7 7 7 
7 -1 3 -5 7 3 -5 7 11 -1 -1 -1 -1 15 7 
-1 7 3 -5 -1 7 3 11 3 7 -9 -1 7 -1 15 
-1 3 3 -1 -1 15 3 -1 3 3 -1 7 7 -1 7 
-1 -1 11 -5 -1 7 11 -1 11 3 -9 7 -1 7 7 
-1 3 3 -9 15 7 3 7 -5 -1 7 3 15 -1 -1 
-1 -1 3 3 7 7 -5 15 3 -1 -1 3 7 7 -1 
7 -1 3 -9 7 15 3 7 3 -5 7 3 -1 7 -1 
-1 3 3 -1 7 7 3 7 -5 7 -1 7 15 -5 -1 
-1 -1 3 3 15 -1 3 -1 11 7 -9 7 7 3 -1 
-1 -1 3 7 7 3 3 7 3 7 -1 -1 -1 11 -1 
-1 -1 11 -1 7 -1 11 11 -5 7 -1 -1 7 -5 7 
-1 7 3 -1 7 7 11 -1 3 3 -9 15 -1 3 -1 
7 -1 3 -1 15 7 3 7 -5 -1 -1 3 15 3 -9 
-1 3 11 -1 -1 7 3 -1 11 -1 7 7 7 -9 3 
-1 -1 11 3 -1 15 -5 -1 11 7 -1 7 -1 -1 3 
-1 -1 11 7 -1 7 3 11 3 -1 -1 7 -1 -9 11 
7 -1 11 7 7 7 3 -1 3 -1 -1 7 -1 -5 3 
-1 7 11 -5 7 -1 3 7 3 7 7 -1 3 -1 -1 
-1 7 11 -1 7 7 3 7 3 3 -1 -1 -5 7 -1 
-1 15 11 -1 15 -1 3 7 -5 7 -1 -1 3 -5 -1 
7 7 19 -1 7 7 -5 7 3 -1 7 -1 -5 -1 -5 
7 11 3 -1 -1 -1 3 -1 11 7 11 -1 7 -9 -1 
7 7 3 3 -1 -1 3 7 11 7 -5 7 -1 -1 -1 
7 7 3 -1 -1 3 11 7 11 -1 3 -9 -1 7 -1 
7 7 3 -1 -1 7 11 11 3 7 -5 -9 -1 -1 7 
7 7 3 -1 7 7 11 -1 11 3 -5 -1 -9 -1 7 
7 7 3 7 7 7 3 7 3 -1 3 -5 -1 -1 -1 
7 7 11 7 7 -1 11 -1 3 7 -5 -1 -1 3 -9 
7 3 3 7 3 -5 -1 -5 -1 7 -1 -1 7 15 7 
15 -1 -5 3 3 3 -1 -5 -1 7 7 -1 -1 7 15 
7 -5 11 11 -5 -1 -1 -1 -1 -5 -1 15 7 -1 15 
7 -1 3 3 3 -5 -1 7 -1 3 7 7 -1 -1 15 
7 -1 3 3 -5 -1 -1 3 15 3 -1 7 7 -1 7 
15 -1 -5 -1 -5 -5 -1 11 15 11 -1 -1 7 7 -1 
-1 3 3 7 3 -5 7 -1 -1 -1 7 11 -1 7 7 
-1 3 3 -1 11 -9 7 3 -1 7 -1 11 7 7 -1 
-1 7 -5 11 -5 -1 -1 11 -1 7 7 11 -1 -1 7 
7 -1 3 -1 -5 -5 7 3 7 15 7 3 -1 7 -1 
7 -5 -5 7 3 -1 7 7 -1 -5 7 19 7 -1 -1 
7 -1 3 -1 -5 -5 -1 15 7 3 15 11 -1 -1 -1 
7 -5 3 3 3 7 -1 -1 -1 -1 7 7 -1 3 15 
-1 -5 11 -1 3 7 -1 3 -1 7 7 -1 7 11 -1 
-1 -1 3 3 3 7 -1 -5 7 7 15 -1 -1 3 7 
-1 3 -5 7 -5 15 -1 7 -1 3 -1 15 7 3 -1 
-1 -1 3 3 3 -1 7 -1 7 3 7 15 -1 -5 7 
-1 7 -5 7 -5 3 -1 7 -1 19 7 7 -1 3 -1 
7 -9 3 7 -5 3 7 -1 -1 15 15 3 -1 3 -1 
7 -1 3 -1 -5 -1 7 3 -1 15 15 3 7 3 -9 
7 -5 3 3 3 7 -1 -9 7 7 -1 7 -1 -1 19 
-1 3 -5 7 11 3 -1 -9 7 7 7 -1 -1 7 11 
-1 -5 3 7 11 -1 -1 -5 15 7 -9 7 7 7 3 
-1 -5 3 7 3 7 -1 -1 15 3 -9 7 15 -1 3 
-1 -1 3 -1 11 3 -9 7 7 11 7 -1 7 -1 3 
-1 3 -5 -1 11 -1 15 -1 7 -1 -1 11 -1 7 3 
-1 -1 -5 11 3 7 -1 7 -1 7 7 11 -9 -1 11 
-1 -1 3 -1 11 3 -1 -1 7 7 15 3 -9 7 3 
-1 7 -5 7 3 -1 -1 3 7 15 -1 11 -1 7 -5 
7 -1 3 -1 3 -1 -1 7 7 3 7 11 7 -1 -5 
7 -5 -5 -1 3 15 7 -1 7 7 -1 -1 -1 3 11 
7 -9 3 7 3 7 -1 -5 7 15 7 -1 -1 3 3 
7 -1 3 -1 3 7 -1 -1 7 11 -1 7 7 -5 3 
15 -1 -5 -1 3 7 7 -1 -1 7 7 3 -1 3 3 
-1 3 -5 15 3 3 -9 7 -1 7 -1 7 3 7 7 
-1 -1 -5 11 11 -1 -1 3 7 -1 7 -1 11 -1 7 
-1 -1 -5 15 3 3 -9 15 7 3 -1 7 3 7 -1 
-1 -9 11 7 3 3 -1 7 7 -1 7 11 -5 -1 7 
-1 -1 3 7 11 -9 -1 11 7 7 -1 3 11 -1 -1 
-1 3 -5 7 3 7 -1 15 -1 7 -1 -1 3 3 7 
-1 -1 -5 11 11 -1 7 -1 7 -1 15 -1 -5 -5 15 
-1 -1 -5 15 3 11 -1 -1 -1 15 7 -1 -5 3 7 
-1 -1 3 7 11 -1 -1 3 7 7 7 -9 11 3 -1 
-1 7 -5 15 3 -1 -1 7 7 3 -1 7 3 3 -1 
7 -1 3 7 3 -1 7 7 -1 -1 7 3 3 -5 7 
7 -1 3 7 11 -1 -1 7 7 -1 -1 3 -5 7 3 
-1 3 3 15 -5 -5 7 -1 -1 -1 11 -1 7 7 7 
-1 -5 11 7 3 -1 -1 3 7 -1 3 -1 7 15 -1 
-1 -1 3 11 -5 7 -1 11 -1 -1 3 7 -1 7 7 
-1 -5 3 15 3 -1 -1 7 7 -5 3 7 7 -1 7 
-1 -1 3 7 3 -5 7 15 -1 3 3 -1 7 -1 7 
-1 -1 3 15 -5 -1 7 11 -1 7 3 3 -1 7 -1 
-1 -5 11 7 -5 7 7 7 -1 -1 11 -1 -1 11 -1 
-1 -1 11 7 3 -1 7 7 -1 3 3 7 -1 3 -1 
-1 3 3 7 3 -1 7 -1 15 -1 3 -1 7 -1 3 
-1 -1 3 11 3 7 -1 7 -1 7 3 7 -1 -9 11 
-1 -1 3 7 11 3 7 -1 -1 7 11 -9 7 -1 3 
-1 -1 3 15 3 7 -1 3 7 7 -5 -1 7 7 -5 
-1 -1 11 7 11 -1 -1 7 7 3 -5 -1 15 -9 3 
-1 7 3 15 3 -1 7 7 -1 -1 3 3 -1 -1 3 
7 -1 11 7 3 7 7 -1 -1 7 3 -9 -1 3 3 
7 -5 3 15 3 -9 -1 15 7 -1 3 7 3 -1 -1 
7 -9 3 15 3 3 7 7 -1 -1 3 7 3 -1 -1 
7 -1 11 15 3 -1 7 7 -1 -1 3 -1 -5 3 -1 
15 -1 3 15 11 -1 -1 7 7 -1 -5 -1 3 -1 -5 
7 3 11 3 -5 -1 -1 -9 3 -1 -1 15 7 -1 15 
-1 11 3 7 -5 3 -1 -1 -5 7 -1 7 -1 15 7 
7 -1 3 3 3 3 -1 -1 3 -1 7 -1 -1 7 15 
-1 3 11 -1 3 -1 7 -5 3 7 -9 7 7 7 7 
-1 7 3 3 -5 7 7 -5 11 -1 -1 -1 7 -1 15 
7 -1 3 -1 -5 3 15 3 3 7 -1 -9 -1 15 7 
-1 7 3 -1 -5 11 -1 15 3 3 -1 -1 -1 7 7 
7 -1 3 -1 -5 7 7 3 19 3 -9 -1 7 -1 7 
-1 -1 11 -1 3 3 7 7 3 -1 7 3 -9 15 -1 
-1 7 3 -1 3 -1 15 3 3 7 -1 3 -1 7 -1 
7 -1 3 -1 3 7 7 7 3 -5 7 11 -1 -1 -1 
-1 3 3 7 -5 15 7 -1 -5 7 -1 7 7 3 -1 
-1 -1 3 11 3 7 7 -9 11 -1 7 -1 7 -5 7 
-1 7 3 7 -5 15 7 -1 3 3 -1 7 7 -5 -1 
7 -1 3 7 3 7 15 -1 -5 -1 7 3 7 3 -9 
-1 -1 11 -1 11 11 -1 -1 3 7 7 -1 -9 7 3 
-1 -1 11 7 3 7 7 -5 11 7 -9 7 -1 -1 3 
-1 7 11 -1 11 7 7 -1 3 -1 -1 11 -9 7 -5 
7 -1 11 7 3 15 7 -9 3 7 -1 -1 -1 -5 3 
-1 11 3 7 3 -1 -1 7 3 7 -1 7 3 -1 -1 
-1 7 3 7 3 11 -1 7 3 -1 7 -1 -5 7 -1 
-1 7 3 7 11 -1 7 3 11 -1 -1 -9 11 -1 -1 
-1 7 3 15 3 7 -1 7 11 -5 -1 -1 3 -1 -1 
-1 7 11 7 11 -1 7 7 3 -9 7 3 -5 -1 -1 
-1 15 3 15 3 7 7 -1 3 -1 7 -9 3 -5 -1 
7 7 11 7 11 7 -1 -1 11 -1 -1 -1 -5 -1 -5 
7 3 11 7 -5 -1 7 -1 3 7 3 7 -1 -1 -1 
7 -1 11 11 -5 -1 7 7 3 -1 3 7 -1 -9 7 
7 -1 11 7 -5 7 15 3 3 7 -5 -9 -1 7 -1 
7 -1 11 7 3 7 7 7 3 3 -5 -1 -1 -9 7 
7 -1 11 15 3 -1 15 7 -5 -1 3 3 -9 -1 -1 
7 11 -5 7 3 3 -5 -9 -1 -1 7 -1 7 7 15 
7 3 3 -1 11 -1 -5 3 -1 -1 -1 -1 15 7 7 
7 7 -5 3 3 7 -5 3 -1 7 -1 -1 -1 7 15 
7 3 -5 7 3 7 3 -1 -1 -5 -1 7 15 7 -1 
7 -1 3 3 3 -1 11 -1 -1 3 -1 7 -1 7 7 
7 7 -5 -1 3 3 3 7 7 3 -1 -1 -1 7 7 
15 -1 -5 -1 3 -1 3 11 15 3 -9 -1 7 7 -1 
7 -1 -5 11 3 7 3 7 -9 -1 7 11 -1 -1 7 
7 -1 3 -1 3 11 3 -1 7 -1 7 3 -1 -1 7 
7 7 -5 -1 3 7 3 11 -1 7 -1 3 7 -1 -1 
7 -1 3 -1 11 7 3 3 -1 7 7 -1 -1 3 -1 
7 7 -5 -1 11 7 11 -1 -1 3 -1 15 -1 3 -9 
7 3 -5 7 11 7 3 -9 7 -1 7 -1 7 -1 3 
7 -1 -5 15 11 7 -5 3 7 7 -1 -1 -1 -1 3 
7 -1 3 7 11 7 3 -1 7 3 -1 -1 7 -1 -5 
7 7 -5 7 11 15 3 -1 -1 -1 7 3 -1 -1 -5 
7 3 3 7 11 -1 -5 7 -1 7 -1 -1 11 -1 -1 
7 -1 3 11 11 -1 3 -1 -1 7 7 -1 -5 -1 7 
7 -1 3 7 11 11 -5 -1 7 7 -1 -1 -5 -1 7 
7 -1 11 7 11 7 3 7 -1 -1 -1 3 3 -9 -1 
7 7 3 7 19 7 3 -1 -1 7 -1 -1 -5 -5 -1 
7 11 3 7 3 -1 3 -1 7 -9 11 -1 7 -1 -1 
7 7 3 11 3 -1 3 7 -1 -1 3 7 -9 -1 7 
7 7 3 7 3 3 11 -1 7 -1 3 -9 -1 -1 7 
7 7 3 7 3 7 3 11 7 -1 -5 -9 -1 7 -1 
7 7 3 7 11 -1 11 7 7 -5 -5 -1 -1 -1 -1 
7 7 3 15 3 7 11 7 -1 -9 3 3 -1 -9 -1 
15 11 3 -1 3 7 3 -1 -5 -1 -1 7 7 -1 -1 
15 7 3 3 3 7 3 -1 3 -1 -1 -1 -1 -1 7 
15 7 3 -1 3 11 3 7 3 -1 -1 -9 -9 7 7 
15 7 3 -1 3 15 11 7 3 -5 -9 -1 -1 -1 -1 
11 11 7 11 -1 3 -1 -1 -9 3 -1 -1 7 7 -1 
11 3 15 3 -1 7 -1 -5 -1 3 7 -1 -1 7 -1 
11 11 -1 7 -1 3 -1 3 -1 3 7 7 -1 -1 -1 
19 7 -1 -5 -1 3 7 3 -1 3 7 7 7 -1 -9 
11 3 7 11 7 -5 -1 -1 7 -1 -9 3 7 7 -1 
3 11 7 3 7 -1 -1 3 -1 7 -1 3 -1 7 -1 
3 11 7 -1 7 -5 7 -5 7 7 -1 11 -1 -1 -1 
11 7 -1 3 -1 3 -1 3 7 7 -1 11 7 -1 -9 
11 -5 7 11 -1 -1 7 -1 -1 11 7 -5 -1 7 -1 
3 11 -1 7 -1 3 -1 -1 7 11 7 3 -1 -1 -1 
11 -1 7 3 -1 -5 -1 7 7 11 7 3 7 -1 -9 
3 3 7 7 -1 3 -1 11 -1 -1 7 7 -1 3 -1 
11 -1 -1 3 7 3 -1 3 7 -1 7 7 7 3 -9 
3 3 7 3 -1 7 -1 7 7 3 -1 -1 -1 11 -1 
3 7 -1 3 7 -5 -1 7 7 11 -1 7 7 3 -9 
3 3 7 -1 -1 7 -9 11 7 3 15 7 -9 3 -1 
3 3 -1 7 -1 3 -1 7 15 7 -9 3 7 3 -1 
3 3 7 -9 7 -1 -1 11 7 7 7 3 -1 3 -1 
3 7 -1 3 -1 -1 -9 11 15 7 7 3 7 3 -9 
11 3 -9 -1 -1 7 -1 7 7 11 7 3 -1 3 -1 
11 3 -1 3 7 3 7 -1 -1 -1 -1 -1 7 7 3 
3 3 7 3 -1 7 7 3 -1 -1 -1 7 -1 7 3 
3 3 -1 7 7 -5 15 3 -1 -9 7 15 -1 -1 3 
-5 11 -1 7 -1 3 7 7 -1 3 7 -1 7 -1 3 
3 -1 7 -5 7 3 7 7 -9 11 7 -1 15 -1 -5 
3 -5 7 7 -1 -1 7 3 7 3 7 7 -1 -1 3 
3 -1 7 3 -9 7 7 3 -1 11 7 7 7 -1 -5 
3 3 -1 3 -1 -1 15 7 7 7 -9 -5 -1 15 3 
-5 11 -1 -1 7 -5 15 -1 15 -1 -1 3 -1 7 3 
3 -1 -1 3 7 3 -1 7 7 7 -1 3 7 7 -5 
3 7 -1 -1 -1 -5 7 3 7 7 7 19 -1 -1 -5 
3 3 -1 -1 -1 -1 15 -1 7 11 7 -5 -1 7 3 
3 3 -9 7 -1 3 7 15 7 -1 -1 -1 -1 3 11 
11 -9 -9 3 15 3 -1 7 7 7 -1 -1 7 3 3 
3 -1 -1 3 -1 7 -1 11 7 -1 7 7 -1 3 3 
3 -1 7 -5 -1 -1 7 7 7 11 -1 -1 7 3 3 
3 7 -1 -1 -1 -5 -1 15 -1 11 7 7 7 -5 3 
11 -1 -1 -1 -1 -5 -1 7 15 7 -1 3 7 3 3 
11 3 -1 3 -1 11 7 -1 -9 -1 -1 7 11 7 -1 
3 3 7 -5 7 7 7 3 -9 -1 7 -1 11 7 -1 
3 -5 -1 7 7 7 -1 3 -1 11 7 -1 3 7 -1 
3 -1 -1 3 -1 7 15 -5 -1 3 15 -1 11 7 -9 
3 -5 7 3 -1 -1 15 7 -1 7 -1 -5 3 7 7 
3 -9 7 3 -1 11 7 -1 7 -1 -1 11 11 -1 -1 
-5 7 -1 3 -1 7 7 3 -1 7 7 3 11 -1 -1 
3 -5 -1 7 -1 7 7 -1 -1 19 7 -5 -5 7 7 
3 -1 7 -1 -9 11 -1 -1 7 11 7 11 3 -1 -1 
3 -1 -9 3 7 11 7 -1 7 -1 -1 7 11 3 -1 
-5 3 7 -9 7 7 -1 19 -1 -1 7 -1 3 3 7 
-5 7 -1 -5 7 7 7 3 7 -9 15 -1 11 3 -1 
3 -1 -1 -1 -1 11 7 3 -1 -1 7 15 11 -5 -1 
-5 7 -1 3 -1 -1 15 -1 7 3 7 -1 3 11 -1 
3 7 -1 -1 -1 -1 -1 3 7 3 15 7 3 3 -1 
3 -1 -1 3 -1 -1 7 7 15 -1 -1 -5 11 3 7 
3 7 7 -9 -1 -1 -1 3 7 7 7 3 11 -5 7 
11 7 -1 -1 -9 -1 -1 -1 7 11 7 3 3 3 7 
3 3 -9 -1 -1 11 15 7 -1 -1 -1 7 3 7 3 
3 -5 -1 -1 7 -1 15 11 -1 -1 -1 7 3 7 3 
3 -1 -1 -1 -1 11 7 7 -9 3 7 7 11 7 -5 
11 -9 -1 7 -1 -1 7 3 -1 3 7 7 11 7 -5 
3 -1 -1 3 -9 7 15 7 -1 7 -1 -5 3 15 3 
3 -1 7 -9 -1 11 7 -1 7 -1 -1 11 3 7 3 
3 7 -1 -1 -1 -1 7 3 -1 7 -1 11 3 7 3 
11 -1 -9 -1 -1 11 7 7 -1 -1 -1 7 3 3 11 
11 -1 -1 -1 -1 -1 7 11 -1 -9 7 7 3 3 11 
11 7 -1 -1 -9 -1 7 7 -1 3 -1 -1 3 11 11 
11 3 -1 3 7 3 -1 -1 -1 -9 3 7 15 7 -1 
3 3 -1 -1 7 11 7 -5 -1 -9 11 7 7 7 -1 
3 -5 7 3 7 7 -1 -1 -1 3 11 -1 -1 7 7 
-5 11 -9 7 7 11 -1 -1 -1 3 11 -1 7 -1 7 
3 -1 -1 -5 15 3 7 7 -9 3 3 7 15 -1 -1 
3 -1 -1 -5 7 15 -1 3 -1 3 11 7 -1 7 -1 
3 -5 -1 11 7 -1 -1 7 7 -1 3 3 -1 7 7 
-5 3 -1 7 7 3 7 -9 15 -1 3 3 7 -1 7 
-5 3 -1 -1 15 7 -1 -5 7 7 11 3 -9 7 7 
3 -1 -1 -1 -1 11 7 -5 7 7 3 11 7 -1 -1 
3 -9 -1 11 7 -1 -1 7 -1 11 11 3 -1 -1 7 
3 -1 -1 -1 7 3 -1 -1 7 11 11 3 7 -9 7 
-5 3 -1 7 -1 11 -1 7 7 -1 3 -1 7 11 -1 
3 -9 7 -1 -1 11 7 3 -1 -1 11 7 7 11 -9 
-5 -1 7 -5 15 -1 -1 7 7 3 3 7 -1 11 -1 
-5 7 -1 -1 7 3 -1 7 -1 11 3 7 7 3 -1 
3 -5 -1 -1 7 7 -1 7 15 -1 3 -5 -1 11 7 
3 -9 7 7 -1 3 -1 -1 15 7 -5 3 15 3 -1 
3 -1 7 -1 -1 7 -9 3 7 7 11 3 -1 11 -1 
11 -1 -1 -1 7 -1 -9 -1 7 11 11 3 -1 3 7 
3 3 -1 -5 -1 7 7 7 7 -1 3 -1 7 7 3 
-5 3 -1 -1 7 7 7 3 7 -9 11 7 -1 7 3 
-5 3 -1 -1 7 7 7 -1 7 3 11 -9 7 -1 11 
3 -1 -1 -1 7 7 -1 3 -1 3 11 7 7 -1 3 
-5 7 -1 -1 7 3 7 -1 7 -1 3 3 15 -1 3 
3 7 -1 -1 7 -1 -1 -1 -1 11 11 -5 7 -1 11 
3 -1 -1 -5 7 7 -1 15 7 -1 -5 -1 7 11 3 
3 -1 -1 -1 7 3 7 7 -1 -1 3 -1 15 3 3 
3 -1 7 -1 -1 7 -1 11 -1 -9 11 7 -1 11 3 
3 7 7 -9 7 -1 -1 7 -1 3 3 -1 7 3 11 
11 7 -1 -1 -1 -1 -1 7 7 -1 -5 -5 7 11 11 
11 -5 -1 -5 -1 7 7 7 -1 -1 11 7 3 7 -1 
3 -5 -1 -9 15 15 -1 3 -1 -1 11 7 3 7 -1 
3 -9 -1 3 7 7 15 -1 -9 3 11 7 3 7 -1 
3 -5 -1 -1 7 7 7 -1 7 7 3 3 -5 -1 15 
3 -9 -1 11 -1 7 7 7 -1 -1 3 11 3 -1 7 
3 -1 -1 -1 7 15 -1 -5 -1 7 3 11 3 -1 7 
3 3 -1 -9 -1 15 -1 15 7 -1 3 -1 -5 11 7 
3 -1 -1 -5 7 7 7 7 7 -9 3 7 3 11 -1 
3 7 -1 -1 7 7 -1 -1 -1 3 3 7 -5 11 7 
11 -1 7 -1 -1 7 -1 -1 7 -1 -5 3 3 3 15 
11 -1 -1 -1 7 7 7 -1 -9 3 3 -1 11 7 3 
11 7 -1 -1 -1 7 7 -1 -1 -1 -5 3 3 7 11 
3 3 7 3 7 -1 -1 -5 3 -1 -1 7 7 7 7 
3 3 -1 7 7 -5 7 3 -5 -1 -1 15 -1 7 7 
11 -1 -9 3 7 3 7 3 3 -9 -1 7 15 7 -1 
3 -5 7 11 -1 7 -1 -9 3 11 -1 -1 7 7 7 
3 -1 -1 3 7 3 -1 7 3 3 -1 -1 15 7 -1 
3 -1 -1 3 -1 7 7 -5 11 3 7 -1 7 -1 7 
11 -1 -9 -1 -1 3 7 11 3 3 7 7 -1 -1 7 
-5 7 -9 11 7 -1 -1 3 11 7 -1 3 7 7 -1 
3 -1 -1 -1 7 -5 7 3 11 7 -1 11 -1 7 -1 
3 -9 -1 11 7 -1 -1 -1 11 11 7 -5 7 7 -1 
3 -1 -1 -1 7 3 -9 7 11 11 7 3 -1 7 -1 
-5 -5 7 7 7 -1 -1 11 3 -1 7 7 -1 3 7 
3 -9 -1 15 -1 -5 7 11 3 -1 7 7 7 3 -1 
3 -1 -1 7 -1 -1 -1 3 11 3 15 7 -1 -5 7 
3 -1 -1 7 7 -9 -1 3 11 7 7 3 7 3 -1 
11 -1 -9 7 7 -1 -9 -1 11 11 7 3 7 3 -1 
3 -5 7 3 -1 -1 7 -1 11 7 -9 7 7 7 3 
-5 3 -1 7 7 -5 7 7 3 -1 -1 15 -1 7 3 
-5 -1 -1 11 -1 7 7 3 3 -1 -1 15 7 -1 3 
-5 -5 7 7 -1 7 7 -1 3 11 -1 7 -1 -1 11 
-5 -9 15 3 -1 7 7 -1 3 11 -1 -1 15 -1 3 
-5 -1 7 -1 7 3 -1 15 -5 3 7 7 7 -1 3 
-5 -1 7 -1 15 -5 -1 7 11 -1 -1 11 -1 15 -5 
3 -1 7 -1 7 -1 -1 -1 3 11 7 3 -1 7 3 
3 -5 -1 7 -1 -1 7 15 11 -1 -9 7 -1 3 11 
3 -9 -1 15 7 -5 -1 15 3 -1 -1 7 7 3 3 
3 -1 7 7 -1 -1 -1 7 3 3 -1 7 7 -5 11 
3 3 -1 3 -1 -1 7 -1 3 7 7 -1 11 7 -1 
-5 3 -1 -1 15 -1 7 3 -5 7 7 7 3 -1 7 
3 -1 -9 7 7 7 7 -5 3 3 15 -1 3 -1 7 
-5 3 -1 -1 15 -1 7 -1 3 15 -1 3 -5 7 7 
-5 -1 -1 11 7 -1 7 -1 11 -1 7 -5 11 7 -1 
-5 -1 7 -1 7 11 -1 -1 11 -1 -1 11 3 7 -1 
-5 7 -1 -1 15 -1 7 -5 3 7 7 3 3 -1 7 
-5 15 -9 15 -1 7 -1 -1 3 3 7 -1 3 3 7 
3 7 -1 7 7 -1 -1 -1 11 -1 -1 -5 11 3 7 
3 3 -1 -1 -1 -1 15 7 3 7 -1 7 -5 7 3 
3 -1 -1 3 -1 7 15 -1 3 -1 7 -1 11 7 -5 
3 -1 -1 7 7 -1 15 3 -5 -9 7 15 3 -1 3 
3 -1 7 7 -1 7 7 -1 -5 3 7 -1 3 7 3 
3 7 7 -1 7 -1 7 -1 3 -1 -1 3 -5 15 3 
11 7 -1 7 -1 -1 7 7 3 -9 -1 -1 3 3 11 
11 -5 -1 3 7 -1 -9 -1 11 7 3 7 7 7 -1 
3 3 -9 7 7 3 -1 -1 3 7 3 7 7 7 -1 
3 -1 -9 3 7 15 -1 3 3 -1 3 7 7 7 -1 
3 -9 -1 3 15 7 -1 -1 3 11 3 -1 7 -1 7 
3 -1 -9 -1 15 11 -1 7 -5 11 3 -1 7 -1 7 
3 -5 -1 7 7 7 -9 7 11 7 3 -1 -1 11 -1 
3 -9 7 7 7 7 -1 3 3 -1 11 -1 -1 11 -1 
3 3 -1 -1 7 -1 7 -1 11 7 3 7 -1 -1 3 
3 -1 -1 3 7 7 -1 7 3 7 -5 7 15 -1 -5 
3 -1 -1 -1 15 3 7 7 -5 -1 3 7 15 -1 -5 
3 -1 -1 7 7 7 7 3 -5 -1 3 15 -1 -1 3 
3 -1 7 -1 15 7 -1 -1 -5 11 3 -1 7 -9 11 
3 7 -1 7 15 -1 -1 -1 3 7 -5 3 -1 7 3 
11 -1 7 7 7 -1 -1 7 3 -1 -5 -1 7 3 3 
11 3 -9 -1 7 7 -1 -1 3 15 11 7 -5 -1 -1 
11 7 -1 7 7 7 -1 -1 3 -1 3 -1 3 3 -1 
19 7 -1 -1 7 7 7 -1 -5 -1 3 7 3 -1 -5 
3 3 15 3 -1 -1 -5 3 -9 -1 7 -1 7 15 7 
3 3 7 7 -1 -5 3 3 -1 -9 7 7 7 -1 15 
11 -1 -1 3 -1 3 3 3 -1 -1 -1 7 7 7 7 
-5 11 -1 15 -9 3 3 -1 -1 3 7 -1 7 7 7 
3 -1 7 3 -1 -5 11 -1 -1 11 -1 -1 7 15 -1 
3 -5 7 7 -1 -1 3 3 -1 3 15 -1 -1 7 7 
11 -1 -1 -1 -9 -5 11 11 7 3 7 7 -1 -1 7 
3 -5 7 11 -1 -1 3 -1 -1 7 -1 -5 15 15 -1 
-5 3 7 7 -1 3 3 -9 15 -1 -1 3 15 -1 7 
-5 3 7 -1 7 -1 3 3 -1 7 7 3 7 -1 7 
3 -1 7 -1 -9 3 3 -1 15 11 7 3 7 -1 -1 
3 -5 7 3 7 -1 -5 7 7 -1 -1 -1 7 19 -1 
-5 3 -1 15 -1 3 -5 7 7 -1 -1 7 7 3 7 
-5 -1 7 3 7 -1 -5 11 7 -1 7 7 -1 11 -1 
-5 3 -1 7 -1 7 3 7 -1 3 7 7 -1 11 -1 
-5 7 -1 7 -1 -5 3 7 7 11 -1 15 -1 3 -1 
3 -1 7 -1 -1 -9 3 11 7 3 15 15 -9 3 -1 
3 -5 -1 -1 7 7 3 7 7 -1 -1 3 15 3 -1 
3 -1 7 -1 -1 -1 -5 11 7 7 7 11 7 -5 -1 
11 -1 -1 -1 -1 -1 3 -1 7 11 7 11 7 3 -9 
3 -9 -1 11 7 3 3 -1 -1 7 7 -1 7 7 3 
-5 -1 7 7 -1 -5 11 7 -1 3 15 -1 7 -1 3 
-5 3 -1 7 -1 -1 19 -1 7 -1 7 -5 7 7 3 
-5 -1 7 7 -1 3 3 -1 15 -1 7 3 7 -1 3 
-5 7 -1 15 -9 -1 3 11 -1 7 7 11 -1 -1 3 
3 -5 -1 7 -1 -1 11 15 7 -9 7 -1 -1 3 11 
3 -9 -1 11 7 -1 3 7 7 7 -1 -1 -1 11 3 
3 -1 7 7 -1 -9 11 7 -1 3 7 7 -1 3 3 
11 -1 -1 7 -1 -1 3 7 7 -1 -1 3 7 3 3 
-5 3 7 7 -9 11 3 -1 -1 7 -1 7 11 -1 7 
3 -9 7 3 -1 11 11 -9 -1 7 -1 7 11 7 -1 
-5 -1 7 3 -1 7 11 3 -9 7 7 -1 11 7 -1 
3 -9 7 -1 -1 11 11 3 -1 -1 -1 15 11 -9 7 
-5 -1 7 7 -9 11 11 -1 -1 11 -1 7 3 7 -1 
-5 -5 15 -1 -1 7 11 -1 -1 15 -1 -5 11 -1 7 
-5 -1 15 -1 -1 7 3 3 -1 15 -1 3 11 -9 7 
-5 3 7 -1 -1 7 3 15 -1 7 -1 -1 3 3 7 
-5 -1 7 3 7 -1 11 -1 7 7 -1 -1 3 11 -1 
-5 -1 15 -1 7 -1 3 11 -1 -1 7 7 3 -5 7 
-5 7 7 7 -1 -1 11 -1 -1 11 -1 7 -5 11 -1 
3 -9 7 7 -1 11 11 -1 -1 -1 7 7 3 -1 3 
11 -1 7 7 -1 -1 11 7 -1 -1 -1 -1 -5 3 11 
3 3 7 3 -1 -1 -5 -1 7 -1 11 -1 7 15 -1 
3 -1 -1 3 7 3 3 -1 7 -1 -5 7 15 7 -1 
-5 7 -1 3 -1 15 -5 11 -1 -1 3 7 -1 15 -1 
3 -1 -1 -1 -1 11 11 3 7 -9 3 7 7 -1 7 
-5 3 -1 7 7 7 3 -9 7 3 19 -9 -1 7 7 
-5 -1 7 3 7 -1 11 -1 -1 11 3 -1 -1 15 -1 
-5 7 -1 -1 7 3 11 -1 7 3 3 -1 7 -1 7 
3 -1 -1 -1 7 7 3 3 7 3 11 -1 -9 7 7 
-5 -1 -1 19 -1 7 -5 7 7 7 -5 3 7 7 -1 
-5 7 -1 7 -1 15 -5 3 7 7 3 3 -1 -1 7 
-5 -1 7 7 7 3 3 -1 15 -1 -5 7 7 3 -1 
3 -1 7 7 7 7 -5 -1 15 -1 -5 3 7 3 -1 
-5 7 -1 11 -1 7 3 7 -1 7 3 -1 7 7 -5 
-5 7 -1 15 -1 7 3 11 -1 -9 11 7 -1 -1 3 
-5 7 7 7 7 -1 11 -1 -1 3 11 -9 7 -1 3 
-5 15 -1 15 -1 7 3 -1 7 -1 3 -5 7 -1 3 
3 7 7 7 7 -1 3 7 7 -9 3 -1 -1 3 3 
3 3 7 -1 -1 7 3 -1 7 7 11 -1 3 -1 -1 
3 -1 7 3 -1 7 11 -1 -1 7 3 7 3 7 -9 
3 -1 7 -1 7 15 3 3 -1 -1 3 7 3 -1 -1 
3 -1 7 7 7 7 11 -9 -1 11 3 -1 -5 7 -1 
3 7 15 -1 7 7 3 -1 7 -1 -5 7 -5 3 -1 
11 7 7 7 -1 7 11 -1 -1 -1 3 -1 3 -1 -5 
3 3 -1 15 -1 -5 -5 7 3 -1 -1 7 7 7 7 
3 -1 -1 11 -1 -1 3 11 3 -1 -1 -1 7 7 7 
3 -5 -1 15 -1 7 3 -1 -5 11 7 -1 -1 7 7 
3 -1 -1 7 -1 3 3 15 3 3 -1 -1 -1 7 7 
11 -9 -1 7 -1 -1 11 11 3 3 7 -1 -9 -1 15 
3 -5 -1 7 15 -1 3 -1 3 7 -1 3 7 7 -1 
3 -1 -1 7 7 -1 3 11 3 7 -1 3 -1 -1 7 
11 -9 -1 7 7 7 3 -1 3 11 7 -5 -1 7 -1 
3 -5 -1 15 7 -1 -5 15 3 -1 -1 7 7 3 -1 
3 -1 -1 15 7 -1 3 7 3 3 -1 7 -1 3 -1 
3 -9 7 19 -1 -1 3 7 3 7 -1 -1 7 7 -5 
3 -9 15 15 -1 -1 11 7 -5 3 7 -1 -1 -1 3 
3 -1 7 15 7 -1 3 7 3 -1 -1 3 -1 7 -5 
3 3 7 7 -1 -1 3 7 -5 15 7 -1 3 -1 -1 
3 -1 7 7 -1 11 3 7 3 -1 -1 7 3 -1 -1 
3 -1 7 7 7 -1 11 11 -5 -1 7 -1 3 -9 7 
3 -1 15 7 7 7 3 -1 3 7 -1 -5 3 -1 -1 
3 7 7 15 7 -1 3 7 3 -1 -1 -1 3 -5 -1 
11 -1 15 15 -1 -1 11 7 -5 -1 7 -1 -5 -1 -5 
11 3 -1 7 7 -1 -5 -1 11 7 11 -1 -1 -1 -1 
11 -1 -1 7 7 3 3 7 11 -1 -5 -1 7 -1 -1 
11 -1 -1 7 7 7 3 11 3 -1 3 -1 -9 -1 7 
11 -1 -1 15 15 7 -5 -1 11 7 -5 -5 -1 -1 -1 
3 11 7 -1 3 -5 -1 -5 -1 -1 -1 15 -1 15 7 
11 7 -1 -5 3 3 -1 -5 -1 -1 7 7 7 7 7 
3 3 15 3 -5 -1 -1 -1 -9 3 7 -1 7 15 7 
3 3 7 -1 3 -1 -9 3 7 3 7 7 -1 15 -1 
3 7 7 -5 -5 -1 -1 3 7 3 15 -1 7 7 -1 
3 3 7 3 3 -9 7 -1 -1 -1 -1 11 -1 15 7 
3 -1 7 3 3 -5 -1 -1 7 7 -1 11 7 -1 7 
-5 15 -1 3 -5 -1 -1 3 7 7 7 11 -1 7 -1 
3 3 -1 -1 3 -1 7 -1 -1 11 7 11 -1 7 -1 
3 -1 7 3 -5 -9 7 7 -1 11 15 3 7 -1 -1 
3 -1 -1 3 11 3 -9 -1 7 7 7 -1 7 3 7 
3 -1 7 -1 -5 3 -1 3 7 7 15 7 -1 3 -1 
-5 7 7 -5 3 -1 -1 7 7 3 15 -1 7 3 -1 
3 3 -1 -9 3 7 7 7 7 -1 -1 11 -1 11 -1 
3 -1 -1 3 3 -1 -1 7 15 -1 7 3 7 3 -1 
3 -1 7 -1 -5 3 -1 -1 15 15 -1 11 7 -5 -1 
3 3 7 -5 3 -1 7 -1 -1 7 -1 -1 -1 15 11 
-5 11 -1 -1 11 -5 7 -1 -1 7 -1 7 -1 7 11 
-5 7 -1 3 3 7 -1 3 -1 7 7 7 -1 7 3 
3 -1 -1 -1 11 -5 7 3 -1 7 7 15 -1 -1 3 
-5 3 7 -1 3 -1 7 7 -1 11 -1 -1 7 7 3 
3 -1 7 -1 3 -9 -1 11 7 11 7 7 7 -1 -5 
-5 7 -1 3 3 -1 7 7 -1 15 -1 3 -1 7 3 
3 7 7 -9 3 -9 7 7 -1 19 7 3 7 -1 -5 
3 -1 -1 -5 11 7 -1 7 7 7 7 -9 -1 3 11 
3 -1 -1 -1 11 3 -1 7 -1 15 7 -1 -1 -5 11 
3 -1 7 -1 3 -1 -1 11 7 -1 15 7 -9 3 3 
11 7 -1 -9 3 -1 7 7 7 7 -1 3 -1 3 3 
3 3 7 3 -5 -1 7 -1 -1 -1 7 -1 3 15 7 
3 -1 -1 3 3 11 7 -9 -1 -1 7 7 11 -1 7 
-5 3 7 -1 11 -1 -1 3 7 -1 -1 7 3 15 -1 
3 -1 -1 -1 3 11 7 -5 7 -1 -1 15 11 -1 -1 
-5 3 -1 15 -5 7 -1 7 -1 11 -1 -1 3 15 -1 
-5 7 -1 7 -5 11 -1 7 -1 11 -1 7 11 -1 -1 
3 -1 -1 7 3 -1 -1 3 15 3 7 -1 11 7 -9 
-5 -1 7 11 -5 -1 15 -1 7 -1 7 3 3 -1 7 
-5 7 7 -1 3 -1 7 -5 15 7 -1 11 3 -1 -1 
3 -1 7 7 -5 -1 7 -1 7 11 7 3 3 -1 -1 
-5 11 -1 -1 -5 15 -1 15 7 -1 -1 -1 -5 11 7 
-5 7 -1 7 -5 19 -1 -1 7 7 -1 7 3 -5 7 
-5 7 7 -1 3 7 -1 3 15 -9 15 -1 3 3 -1 
-5 15 -1 7 -5 7 -1 7 7 3 7 -1 3 3 -1 
3 7 7 -1 -5 7 7 -1 15 -1 -1 3 3 -5 7 
3 3 -1 -1 3 -1 15 7 7 7 -9 -1 -5 15 3 
3 -1 -1 3 3 7 15 -1 -1 7 7 -9 3 7 3 
3 -1 -1 -1 11 11 7 -1 -1 7 -1 7 3 -1 3 
3 -1 -1 7 11 -1 7 3 7 -1 -1 7 3 7 -5 
3 -1 7 7 3 -1 7 7 -1 11 -1 -9 11 7 -5 
3 7 7 -1 3 -1 15 -1 7 7 -9 3 -5 7 3 
-5 11 7 -1 3 3 -1 -1 -1 -1 3 7 7 7 7 
3 -1 7 -5 11 3 -1 7 -9 -1 3 7 15 -1 7 
3 -1 7 -9 3 11 7 3 -1 -1 3 7 7 7 -1 
-5 3 7 -1 11 7 -9 7 -1 3 11 -1 -1 7 7 
-5 3 7 -1 11 -1 7 -1 7 -1 3 11 -9 7 7 
-5 -1 7 11 3 -1 -1 15 -1 -1 3 11 -1 -1 7 
-5 7 7 -1 3 7 -1 3 7 7 3 11 -9 7 -1 
3 -1 7 -1 11 -1 -1 7 -1 11 11 3 -1 -9 7 
-5 -1 15 -1 3 11 -1 7 -1 7 3 -1 7 3 -1 
3 -1 15 -1 3 7 -1 7 7 -1 3 3 -1 3 -1 
-5 11 7 -9 11 -1 7 7 7 -1 3 -1 -1 7 3 
-5 7 7 -1 11 7 -1 11 -1 -1 3 7 -1 7 -5 
-5 15 7 -1 11 -1 7 7 -1 7 -5 3 -1 -1 3 
3 7 15 -9 11 7 -1 15 -1 -1 3 -9 -1 3 3 
3 3 7 -1 3 7 -1 7 7 -1 3 7 -5 7 -1 
3 -1 7 3 3 7 7 7 -1 -9 11 7 3 -1 -1 
3 -1 7 -1 11 15 -1 3 7 -9 3 7 3 7 -9 
3 -1 7 7 11 7 -1 7 -1 3 3 -1 3 -1 -1 
3 -1 15 7 3 7 7 -1 7 -1 -5 11 -5 -9 7 
11 7 7 -1 11 7 7 7 -1 -1 -5 -1 3 -1 -5 
3 7 -1 3 11 -5 -1 -1 3 -1 -1 -1 15 7 7 
3 7 -1 -1 3 -5 15 3 3 -1 -1 7 -1 7 7 
-5 11 -1 7 3 7 -1 -1 -5 11 -1 7 -1 7 7 
-5 7 7 3 3 -1 7 -1 3 3 7 -9 15 -1 7 
-5 15 -1 -1 3 3 -1 15 -5 11 -1 -1 7 -1 7 
3 7 -1 -1 3 -1 7 3 11 3 7 -1 -1 -1 7 
-5 7 -1 11 11 -9 7 -1 11 -1 -1 3 7 7 -1 
3 7 -1 -1 11 -1 7 -1 3 11 7 3 -1 -1 -1 
-5 11 -1 7 3 7 -1 7 3 -1 -1 7 -1 11 -1 
-5 7 -1 15 3 3 -1 7 3 7 -1 -1 7 3 -1 
-5 7 7 7 3 -1 7 3 11 -9 15 -1 -1 3 -1 
-5 15 -1 7 3 7 -1 7 3 3 7 -1 7 -5 -1 
3 7 -1 7 11 -1 7 -1 11 -1 -1 3 7 3 -9 
-5 7 7 3 11 -1 7 -1 3 7 -1 -1 7 -1 3 
-5 7 7 -1 19 -5 7 7 -5 7 -1 7 -1 -1 3 
3 7 7 7 11 -1 7 7 3 -1 -1 -1 -1 -5 3 
-5 19 -1 7 3 -1 7 -1 3 7 -1 7 -5 7 -1 
-5 15 -1 7 3 11 7 -1 3 -1 -1 7 3 -1 -1 
-5 15 -1 15 3 7 7 -1 3 3 7 -9 3 -1 -1 
3 15 7 7 11 -1 15 -1 3 -1 -1 -1 -5 -1 -5 
3 11 7 -1 11 -1 -1 -1 3 7 3 7 -9 7 -1 
3 7 7 3 11 -1 -1 7 3 -1 3 -1 7 -1 -1 
3 7 7 -1 11 3 7 7 -5 7 -5 -1 7 -1 -1 
3 7 7 -1 11 7 7 3 3 -1 3 -1 -9 7 -1 
3 7 7 7 19 -1 7 -1 3 7 -5 3 -9 -1 -1 
3 7 15 7 11 7 -1 7 3 -1 3 -9 -1 3 -9 
11 -1 7 3 3 3 -5 -9 -1 7 -1 -1 7 7 15 
3 3 15 -1 3 -1 -5 3 -1 -9 7 7 -1 15 7 
3 7 7 3 -5 7 -5 3 -1 -1 7 -1 -1 15 7 
11 -1 7 -1 -5 3 3 3 7 -1 -1 7 -1 -1 15 
3 3 7 7 -5 7 3 -1 -9 3 7 -1 7 15 -1 
3 7 7 -1 -5 3 3 7 -1 11 -1 -1 7 -1 7 
11 -1 7 -1 -5 -1 3 11 7 3 7 -1 -1 7 -1 
3 3 7 -1 3 7 11 -9 -1 -1 -1 11 7 7 -1 
3 -1 7 11 -5 7 3 -1 -1 7 -1 3 7 7 -1 
3 7 7 -1 -5 7 3 3 7 7 -1 11 -1 -1 -1 
11 -1 7 -1 -5 7 11 -1 -1 11 7 3 7 -1 -9 
3 -1 7 3 11 7 -5 -1 7 -1 7 -1 -1 11 -1 
3 -1 7 7 3 11 -5 -1 7 7 -1 7 -1 -5 7 
3 7 7 -1 3 7 3 7 -1 3 7 7 -1 3 -9 
11 -1 7 -1 3 15 3 -1 7 -1 -1 11 7 -5 -9 
3 3 7 7 3 -1 11 -1 -1 -1 7 -1 -1 7 3 
3 -1 7 11 3 7 3 -1 -9 15 7 -9 -1 7 3 
3 -1 7 7 11 3 3 -1 -1 7 7 -1 -1 -9 11 
3 7 7 7 3 7 11 -1 -1 7 -1 3 -1 -1 -5 
11 -1 7 7 11 7 3 7 -1 -1 7 -1 -9 -5 3 
3 3 15 7 -5 7 3 -1 -1 7 -1 -1 3 7 -1 
3 -1 15 7 3 7 3 3 7 -1 -1 -1 3 -1 -1 
3 7 15 7 3 15 3 -1 7 -1 -1 -1 -5 -5 -1 
3 7 15 3 3 7 -5 7 -1 -1 3 -1 -1 7 -1 
3 7 15 -1 3 11 3 -1 7 -1 -5 -1 7 -9 7 
3 7 15 -1 11 7 3 7 -1 3 3 -9 -1 -1 -1 
3 7 15 7 3 15 3 -1 7 -1 -5 3 -1 -9 -1 
11 11 7 7 3 -1 3 -1 -5 -1 -1 7 -1 7 -1 
11 7 7 11 3 -1 3 -1 3 -1 -1 -9 7 7 -1 
11 7 7 7 3 3 3 7 3 -1 -9 -1 -1 -1 7 
11 7 7 7 3 -1 11 11 3 -9 -1 -1 -9 -1 7 
11 7 7 7 3 7 11 7 -5 3 -1 -9 -1 -1 -1 
3 19 -5 7 -9 3 -9 -1 -1 3 7 7 7 7 7 
11 7 3 -5 -1 -5 -1 -1 -1 3 7 15 7 7 -1 
11 3 3 -1 -1 -1 -9 -5 7 11 7 7 7 -1 7 
11 3 3 3 -1 -9 -1 7 -1 -1 -1 3 7 7 15 
3 11 3 -1 -1 -5 -1 -1 7 -1 7 3 7 7 7 
11 -1 3 3 -1 -5 -9 7 7 -1 7 11 7 7 -1 
3 11 3 -9 7 -9 -1 3 -1 15 7 3 7 -1 7 
11 3 -5 -1 -1 -1 -1 -1 7 11 15 3 -1 -1 7 
11 3 3 -5 -1 -1 -1 7 7 -1 -9 -1 7 11 15 
3 11 -5 7 -9 3 -1 7 -1 7 -1 -1 7 11 7 
11 -1 -5 3 7 -5 -1 -1 7 7 -1 7 7 11 -1 
3 3 11 -9 -1 -1 -1 11 -1 7 7 -1 7 3 7 
3 7 3 -5 -1 -1 -1 3 7 7 7 7 7 3 -1 
3 11 -5 -1 -9 7 -1 7 7 11 -1 7 -1 3 7 
3 7 3 -5 -1 -9 7 -1 15 11 -1 15 -1 3 -1 
11 -1 -5 3 -1 -9 -1 15 15 7 -1 3 7 3 -1 
3 11 -5 -1 -1 3 7 -1 7 -9 7 -1 7 7 11 
11 -1 -5 -5 7 11 -1 -1 -1 -1 7 7 7 7 3 
3 3 3 -1 -1 -1 7 3 7 -1 -1 7 7 -1 11 
3 7 -5 3 -9 15 -1 3 -1 7 -1 15 7 -1 3 
11 -1 -5 -1 -1 3 7 3 -1 -1 15 15 7 -1 -5 
3 3 3 -1 -9 7 7 -1 15 3 -1 -1 7 -1 11 
3 -1 11 -5 -9 7 7 -1 7 11 -1 7 7 -1 3 
3 7 3 -9 -1 3 -1 7 7 3 15 7 7 -1 -5 
3 7 -5 3 -9 7 -1 15 7 7 -1 3 -1 7 3 
3 7 3 -9 -1 3 -1 7 15 -1 15 3 -1 7 -5 
11 -1 -5 -1 -1 3 7 7 7 7 7 -1 -1 3 3 
11 -1 3 -1 -9 -1 7 11 7 7 7 7 -1 -5 3 
11 3 3 -5 -1 -1 7 7 -9 -1 -1 -1 11 7 15 
3 11 -5 -1 -1 11 -1 7 -9 -1 -1 7 11 7 7 
3 3 -5 7 -1 7 -1 7 -1 11 -1 -1 3 7 7 
3 -1 3 3 -1 -1 15 -1 -1 3 7 7 3 7 -1 
3 7 -5 -1 -1 11 -1 7 -1 3 7 15 3 7 -9 
11 -1 -5 -1 7 -1 -1 3 7 11 7 7 11 -1 -9 
3 3 3 -9 7 -1 7 15 -1 7 -1 -5 3 -1 15 
3 -1 3 3 -1 -1 7 15 -1 -1 7 3 3 -1 7 
3 -1 11 -9 -1 11 -1 7 7 -1 7 11 3 -1 -1 
11 -1 3 -1 -1 -1 -1 7 7 11 15 3 -5 -1 -1 
3 7 -5 -5 7 -1 15 7 7 -1 -1 -1 3 3 7 
3 7 -5 -1 -1 11 7 7 -1 7 -1 7 3 3 -1 
3 7 3 -9 7 -1 7 11 -1 7 7 -1 11 -5 -1 
3 15 -5 -1 -1 -1 7 7 7 11 -1 7 -5 3 -1 
11 7 3 -9 -1 -1 7 15 7 7 -1 -5 3 -5 7 
11 -1 -5 -5 -1 15 15 7 -1 -1 -1 -1 3 7 3 
11 -1 -5 -1 7 7 7 11 -1 -1 -1 7 11 -1 -5 
11 -1 3 -1 -1 7 7 7 7 3 -1 -1 3 7 -5 
3 3 3 -1 7 7 -1 -5 -1 -1 11 -1 7 7 7 
3 7 -5 3 -1 15 -1 3 -9 -1 3 15 7 7 -1 
3 -1 3 3 7 -1 7 -1 -1 3 3 15 -1 -1 7 
3 7 -5 -1 7 3 7 -1 -1 3 11 7 7 -1 -1 
11 -1 -5 -1 7 7 -1 -5 7 11 11 7 -1 -1 -1 
3 3 -5 7 7 -1 7 -1 7 -1 11 -5 -1 -1 15 
3 -1 3 7 -1 3 7 -1 7 -1 11 3 7 -1 -1 
3 7 -5 7 -1 7 -1 3 -1 15 11 3 -1 -1 -1 
3 3 3 -1 -1 7 7 7 7 -1 3 -9 -1 11 7 
3 -1 3 3 7 -1 7 7 7 -1 -5 7 -1 11 -1 
3 -1 11 -1 -1 7 7 3 -1 7 11 -1 -1 11 -9 
3 7 3 -1 7 -1 7 -1 7 11 3 7 -9 3 -1 
11 -1 3 7 -1 -1 7 7 7 7 3 -5 -1 3 -1 
3 7 -5 3 -1 15 7 7 -1 -1 -5 7 7 -1 3 
3 7 -5 7 -1 15 7 3 -1 -1 3 7 7 -1 -5 
3 7 3 -1 7 7 7 -1 7 3 3 -1 7 -9 3 
3 15 -5 7 -1 7 7 7 7 -1 3 -5 -1 -1 3 
11 3 -5 -1 7 7 7 7 -1 -1 3 -1 3 -1 7 
11 -1 -5 7 15 7 7 -1 -1 3 3 7 -5 -1 -1 
11 -1 3 7 7 7 7 7 -1 -1 3 3 -5 -9 7 
11 7 3 -1 7 7 15 7 -1 -1 -5 -1 -5 3 -1 
11 -1 3 3 7 3 -9 -1 3 -9 -1 7 15 15 -1 
3 3 11 -1 7 -1 -1 -5 -5 7 -1 7 7 -1 15 
3 7 3 3 -1 7 -1 -5 3 -1 -1 7 15 -1 7 
11 -1 3 -1 -1 3 7 3 -5 -1 7 7 7 7 -1 
3 3 3 7 -1 15 -9 -9 3 11 -1 7 -1 -1 15 
3 7 3 -1 -1 11 -9 7 3 3 7 7 -1 7 -1 
11 -1 3 -1 -1 7 -1 -5 11 11 7 7 -1 -9 7 
3 3 3 -1 15 -1 -1 -1 3 7 -1 3 -1 7 7 
3 7 3 -1 7 -1 -1 3 3 15 7 3 -1 -1 -1 
11 -1 3 -1 7 7 -9 -1 11 11 15 3 -9 -1 -1 
3 3 3 7 -1 7 -1 7 3 7 -9 -1 7 3 7 
3 -1 3 15 -1 3 -1 7 3 7 -1 -1 7 11 -9 
3 -1 11 7 -1 -1 7 3 3 7 7 -1 7 -5 -1 
3 7 3 7 -1 7 -1 -1 11 11 -1 7 -1 -5 -1 
11 -1 3 7 7 -1 -1 7 11 7 -1 -5 7 3 -9 
3 3 11 -1 -1 7 7 -1 11 -1 -9 7 -1 -1 11 
3 -1 11 7 -1 7 7 3 3 -1 -1 15 -1 -9 3 
3 7 11 -1 7 7 -1 7 11 -1 -1 3 -9 7 -5 
11 -1 11 7 -1 7 7 7 11 -1 -9 -1 -1 -5 3 
3 11 3 -1 7 7 -1 7 -5 7 -1 -1 3 -1 7 
3 7 3 3 7 7 7 -1 3 -9 7 -1 11 -1 -1 
3 7 3 -1 7 19 -1 7 -5 -9 7 7 3 7 -9 
3 7 3 -1 15 7 7 3 -5 -1 7 -1 11 -9 -1 
3 7 3 7 7 15 -1 -1 3 3 7 -1 -5 -1 -1 
3 7 11 -1 15 7 -1 7 3 -1 7 -5 -5 -1 -1 
3 15 3 7 7 7 7 7 3 -1 -1 -9 3 -5 -1 
11 3 3 7 7 7 -1 -9 3 7 3 -1 -1 -1 7 
11 -1 3 11 7 7 -1 -1 3 -1 -5 7 7 -1 -1 
11 -1 3 7 7 11 7 -1 -5 -1 3 -1 7 7 -9 
11 -1 3 7 7 15 7 -5 -5 7 3 -1 -1 -1 -1 
11 -1 3 15 15 7 -1 -1 3 7 3 -5 -9 -1 -1 
3 15 3 3 -1 -1 -5 3 -9 7 -1 7 7 7 7 
11 7 3 -1 -1 -5 3 3 -1 -1 7 7 7 -1 7 
3 11 3 7 -1 -1 3 -9 -1 3 7 -1 7 7 7 
3 7 11 3 -1 -9 11 -9 -1 11 -1 7 -1 15 -1 
3 15 3 -1 -1 -5 3 -1 7 3 7 7 -1 7 -1 
3 11 3 -1 7 -1 3 -1 -1 -1 7 -5 15 -1 7 
3 7 3 11 -1 -1 -5 7 -1 7 -1 3 7 7 -1 
3 7 11 -1 -1 3 -5 -1 15 -1 7 3 7 -1 -1 
3 15 3 -1 -1 -1 -5 11 -1 15 7 3 7 -9 -1 
3 11 3 -1 7 -1 3 7 -1 -1 -1 -1 7 3 7 
3 7 3 7 7 -5 3 -1 7 7 -1 7 -1 3 -1 
3 7 11 -1 7 -9 3 11 -1 7 7 7 -1 -5 -1 
11 7 3 -1 7 -1 3 7 7 7 -1 3 7 -5 -9 
3 7 3 11 -1 7 3 -1 -1 7 -1 -1 -1 7 3 
3 7 3 7 7 3 3 -1 7 -9 15 -1 -1 -1 3 
3 7 3 15 -1 -1 3 11 -1 -1 7 7 -1 -9 3 
3 7 11 7 -1 -1 11 -1 7 3 7 -1 -1 -1 -5 
3 15 3 7 -1 7 3 7 7 -1 7 -5 -1 -1 -5 
11 7 3 7 7 -1 11 7 7 -1 -1 -1 -9 -5 3 
3 7 11 3 7 -1 11 -1 -9 7 -1 -1 3 7 -1 
3 7 11 -1 7 11 3 -1 -1 -1 -1 7 3 -1 -1 
3 7 11 7 7 -1 11 -1 -1 11 -1 -1 -5 7 -9 
3 7 19 -1 7 7 3 7 -1 7 -1 -5 3 -9 -1 
3 15 3 11 7 -1 3 -1 -1 -1 -5 7 -1 7 -1 
3 15 3 7 7 3 11 -9 7 -9 3 -1 7 -1 -1 
3 15 3 7 7 7 3 3 -1 -1 3 -1 -1 -1 -1 
3 15 3 7 15 -1 11 -9 7 3 3 -1 -9 -1 -1 
11 11 11 7 7 -1 -5 -1 -5 -1 -1 -1 7 -1 7 
11 7 11 11 7 -1 -5 -1 3 -1 -9 -1 7 7 -1 
11 7 11 7 7 3 -5 7 3 -9 -1 -1 -1 7 -1 
11 7 11 7 7 -1 3 11 -5 -1 -1 -1 -1 -9 7 
19 7 3 -1 -5 -5 -1 -5 -1 7 7 7 7 7 -1 
11 7 11 3 -5 -9 -1 -1 -1 3 7 7 7 -1 7 
11 11 3 -1 3 -9 7 -1 -1 -1 -1 11 -1 7 7 
11 7 3 11 -5 -9 -1 7 -1 -1 7 11 -1 -1 7 
11 7 11 -1 -5 -5 -1 -1 7 7 7 11 -1 -1 -1 
11 11 3 -1 -5 7 -1 7 -1 -1 -1 -1 -1 11 7 
11 7 3 3 3 -1 -1 -1 7 -1 7 -1 -1 3 7 
11 7 3 7 -5 3 -1 -1 -1 15 7 -1 -1 3 -1 
11 11 3 -1 3 -1 7 -1 7 -1 -9 -1 -1 7 11 
11 7 3 3 3 7 -1 -1 -1 7 -1 -1 -1 -1 11 
11 7 3 -1 11 3 -1 -1 -1 7 7 -1 -1 -1 3 
11 7 3 7 3 -1 -1 3 7 7 -1 7 -1 -1 -5 
11 7 11 -1 3 -1 -1 7 7 11 -1 -1 7 -9 -5 
11 15 3 -1 3 -1 7 7 7 7 -1 3 -9 -1 -5 
19 7 3 -1 3 7 7 7 7 7 -1 -9 -9 -5 3 
11 11 3 7 3 -1 -1 7 -1 -1 -9 -1 3 7 7 
11 7 3 11 3 -1 7 -1 -1 -9 7 -1 3 -1 7 
11 7 3 7 3 11 -1 -1 -1 -1 -1 7 3 -1 -1 
11 7 3 7 11 -1 -1 3 7 -1 -1 -1 11 -1 -9 
11 7 3 15 3 -1 -1 7 7 3 -1 -1 3 -1 -9 
11 7 11 7 3 -1 7 7 7 -1 -1 3 -5 -9 -1 
11 11 11 7 3 -1 -1 -1 -1 -9 3 -1 -1 7 7 
11 7 11 11 3 -1 -1 7 -9 -9 3 7 -1 -1 7 
11 7 11 7 3 3 7 -1 -9 -1 3 -1 7 -1 -1 
11 7 11 7 3 7 -1 3 -1 -1 3 -1 -1 7 -9 
11 7 11 7 11 -1 -1 7 -1 3 3 -1 -1 -9 -1 
11 15 11 11 3 -1 -1 -9 3 -9 -1 -1 7 -1 7 
11 15 11 7 3 3 -1 -1 -5 -1 -1 -1 -1 7 -1 
11 15 11 7 3 -1 7 -5 3 -1 -1 -1 -1 -1 -1 
